# RLC circuit analytic TF with f_res = 26.0 GHz, Q = 1000
#        Freq [GHz]     vRe []     vIm []
            23.4    2.2026498e-05    -0.0046931879
          23.413    2.2259277e-05    -0.0047179213
          23.426     2.249562e-05    -0.0047429014
          23.439    2.2735598e-05    -0.0047681318
          23.452    2.2979286e-05    -0.0047936164
          23.465    2.3226761e-05     -0.004819359
          23.478      2.34781e-05    -0.0048453636
          23.491    2.3733384e-05    -0.0048716343
          23.504    2.3992694e-05     -0.004898175
          23.517    2.4256116e-05    -0.0049249901
           23.53    2.4523736e-05    -0.0049520839
          23.543    2.4795642e-05    -0.0049794606
          23.556    2.5071927e-05    -0.0050071248
          23.569    2.5352683e-05     -0.005035081
          23.582    2.5638008e-05    -0.0050633339
          23.595    2.5927999e-05    -0.0050918883
          23.608    2.6222758e-05     -0.005120749
          23.621    2.6522389e-05     -0.005149921
          23.634       2.6827e-05    -0.0051794093
          23.647    2.7136701e-05    -0.0052092192
           23.66    2.7451605e-05     -0.005239356
          23.673    2.7771827e-05     -0.005269825
          23.686    2.8097487e-05    -0.0053006318
          23.699    2.8428709e-05    -0.0053317822
          23.712    2.8765619e-05    -0.0053632818
          23.725    2.9108346e-05    -0.0053951365
          23.738    2.9457024e-05    -0.0054273526
          23.751     2.981179e-05     -0.005459936
          23.764    3.0172787e-05    -0.0054928933
          23.777    3.0540159e-05    -0.0055262308
           23.79    3.0914057e-05    -0.0055599552
          23.803    3.1294635e-05    -0.0055940732
          23.816    3.1682051e-05    -0.0056285919
          23.829     3.207647e-05    -0.0056635184
          23.842    3.2478059e-05    -0.0056988599
          23.855    3.2886992e-05    -0.0057346239
          23.868    3.3303449e-05    -0.0057708179
          23.881    3.3727613e-05      -0.00580745
          23.894    3.4159674e-05     -0.005844528
          23.907    3.4599829e-05    -0.0058820602
           23.92    3.5048279e-05    -0.0059200549
          23.933    3.5505232e-05    -0.0059585209
          23.946    3.5970903e-05    -0.0059974669
          23.959    3.6445514e-05     -0.006036902
          23.972    3.6929293e-05    -0.0060768354
          23.985    3.7422476e-05    -0.0061172768
          23.998    3.7925308e-05    -0.0061582359
          24.011    3.8438039e-05    -0.0061997227
          24.024     3.896093e-05    -0.0062417475
          24.037    3.9494248e-05    -0.0062843208
           24.05    4.0038271e-05    -0.0063274535
          24.063    4.0593286e-05    -0.0063711567
          24.076    4.1159587e-05    -0.0064154418
          24.089    4.1737483e-05    -0.0064603205
          24.102    4.2327288e-05    -0.0065058048
          24.115    4.2929331e-05    -0.0065519072
          24.128     4.354395e-05    -0.0065986403
          24.141    4.4171495e-05    -0.0066460171
          24.154    4.4812329e-05    -0.0066940512
          24.167    4.5466828e-05    -0.0067427562
           24.18     4.613538e-05    -0.0067921463
          24.193    4.6818389e-05    -0.0068422362
          24.206     4.751627e-05    -0.0068930409
          24.219    4.8229457e-05    -0.0069445757
          24.232    4.8958398e-05    -0.0069968565
          24.245    4.9703556e-05    -0.0070498997
          24.258    5.0465414e-05    -0.0071037221
          24.271    5.1244472e-05     -0.007158341
          24.284    5.2041248e-05    -0.0072137743
          24.297     5.285628e-05    -0.0072700403
           24.31    5.3690126e-05     -0.007327158
          24.323    5.4543368e-05    -0.0073851468
          24.336    5.5416607e-05    -0.0074440269
          24.349     5.631047e-05     -0.007503819
          24.362    5.7225608e-05    -0.0075645445
          24.375    5.8162696e-05    -0.0076262254
          24.388     5.912244e-05    -0.0076888845
          24.401    6.0105571e-05    -0.0077525453
          24.414     6.111285e-05    -0.0078172319
          24.427    6.2145071e-05    -0.0078829696
           24.44     6.320306e-05     -0.007949784
          24.453    6.4287676e-05    -0.0080177019
          24.466    6.5399816e-05    -0.0080867508
          24.479    6.6540414e-05    -0.0081569594
          24.492    6.7710444e-05     -0.008228357
          24.505    6.8910922e-05    -0.0083009742
          24.518    7.0142909e-05    -0.0083748426
          24.531     7.140751e-05    -0.0084499947
          24.544    7.2705881e-05    -0.0085264644
          24.557     7.403923e-05    -0.0086042866
           24.57    7.5408817e-05    -0.0086834976
          24.583    7.6815962e-05    -0.0087641349
          24.596    7.8262042e-05    -0.0088462375
          24.609    7.9748502e-05    -0.0089298456
          24.622     8.127685e-05    -0.0090150011
          24.635    8.2848669e-05    -0.0091017474
          24.648    8.4465613e-05    -0.0091901294
          24.661     8.612942e-05    -0.0092801941
          24.674    8.7841909e-05    -0.0093719898
          24.687    8.9604989e-05    -0.0094655671
            24.7    9.1420663e-05    -0.0095609783
          24.713    9.3291034e-05    -0.0096582778
          24.726    9.5218312e-05    -0.0097575225
          24.739    9.7204818e-05    -0.0098587712
          24.752    9.9252994e-05    -0.0099620853
          24.765    0.00010136541     -0.010067529
          24.778    0.00010354476     -0.010175168
          24.791     0.0001057939     -0.010285072
          24.804    0.00010811582     -0.010397314
          24.817    0.00011051369     -0.010511968
           24.83    0.00011299084     -0.010629115
          24.843     0.0001155508     -0.010748835
          24.856    0.00011819726     -0.010871214
          24.869    0.00012093417     -0.010996342
          24.882    0.00012376568     -0.011124314
          24.895    0.00012669617     -0.011255226
          24.908     0.0001297303     -0.011389182
          24.921      0.000132873     -0.011526289
          24.934    0.00013612948      -0.01166666
          24.947    0.00013950528     -0.011810411
           24.96    0.00014300628     -0.011957668
          24.973    0.00014663874      -0.01210856
          24.986    0.00015040928     -0.012263224
          24.999    0.00015432498     -0.012421802
          25.012    0.00015839334     -0.012584445
          25.025    0.00016262239     -0.012751311
          25.038    0.00016702066     -0.012922568
          25.051    0.00017159728     -0.013098391
          25.064    0.00017636199     -0.013278964
          25.077     0.0001813252     -0.013464484
           25.09    0.00018649806     -0.013655156
          25.103    0.00019189249     -0.013851197
          25.116    0.00019752131     -0.014052839
          25.129    0.00020339823     -0.014260325
          25.142    0.00020953802     -0.014473911
          25.155    0.00021595653     -0.014693873
          25.168    0.00022267084     -0.014920498
          25.181    0.00022969936     -0.015154095
          25.194    0.00023706194     -0.015394991
          25.207    0.00024478002     -0.015643532
           25.22     0.0002528768      -0.01590009
          25.233    0.00026137739     -0.016165057
          25.246    0.00027030902     -0.016438855
          25.259    0.00027970125     -0.016721932
          25.272    0.00028958621     -0.017014768
          25.285    0.00029999888     -0.017317877
          25.298     0.0003109774     -0.017631809
          25.311    0.00032256342     -0.017957154
          25.324    0.00033480248     -0.018294545
          25.337    0.00034774445     -0.018644665
           25.35    0.00036144409     -0.019008247
          25.363    0.00037596155     -0.019386083
          25.376    0.00039136308     -0.019779027
          25.389    0.00040772178     -0.020188005
          25.402    0.00042511842     -0.020614017
          25.415    0.00044364252      -0.02105815
          25.428    0.00046339339     -0.021521586
          25.441    0.00048448156     -0.022005609
          25.454    0.00050703026     -0.022511623
          25.467    0.00053117723     -0.023041161
           25.48    0.00055707683       -0.0235959
          25.493    0.00058490248     -0.024177683
          25.506     0.0006148496     -0.024788537
          25.519    0.00064713898     -0.025430694
          25.532    0.00068202089     -0.026106622
          25.545     0.0007197799     -0.026819057
          25.558     0.0007607407     -0.027571035
          25.571    0.00080527503      -0.02836594
          25.584    0.00085381016     -0.029207553
          25.597    0.00090683911     -0.030100112
           25.61    0.00096493317     -0.031048383
          25.623     0.0010287573     -0.032057744
          25.636     0.0010990891     -0.033134289
          25.649     0.0011768427     -0.034284949
          25.662     0.0012630983     -0.035517641
          25.675     0.0013591396     -0.036841449
          25.688     0.0014665023     -0.038266848
          25.701     0.0015870346     -0.039805979
          25.714     0.0017229781     -0.041472996
          25.727     0.0018770712     -0.043284498
           25.74     0.0020526883     -0.045260079
          25.753     0.0022540249     -0.047423035
          25.766     0.0024863496     -0.049801282
          25.779     0.0027563504     -0.052428551
          25.792     0.0030726189     -0.055345984
          25.805     0.0034463391     -0.058604282
          25.818     0.0038922838     -0.062266635
          25.831     0.0044302879     -0.066412804
          25.844     0.0050874786     -0.071144896
          25.857     0.0059017366     -0.076595732
           25.87     0.0069272342      -0.08294123
          25.883     0.0082435981     -0.090419252
          25.896     0.0099716742     -0.099359146
          25.909      0.012301922      -0.11022969
          25.922       0.01554839      -0.12371999
          25.935      0.020258213      -0.14088228
          25.948      0.027452071      -0.16339662
          25.961      0.039207091      -0.19408734
          25.974      0.060258898      -0.23796589
          25.987       0.10317247      -0.30418401
              26       0.20855411       -0.4062749
          26.013       0.52651477      -0.49929647
          26.026       0.99741124      0.050813958
          26.039         0.475768       0.49941246
          26.052       0.19252603       0.39428386
          26.065      0.097311009        0.2963808
          26.078      0.057651597       0.23308344
          26.091      0.037880411       0.19090701
          26.104      0.026714212        0.1612469
          26.117      0.019823259        0.1393926
           26.13      0.015282685       0.12267487
          26.143      0.012136875        0.1094969
          26.156     0.0098694403      0.098853601
          26.169      0.008182059      0.090083922
          26.182     0.0068928494      0.082736558
          26.195     0.0058858935      0.076493462
          26.208     0.0050845227       0.07112433
          26.221     0.0044364066      0.066458445
          26.234     0.0039048477      0.062366657
          26.247     0.0034635003      0.058749506
           26.26     0.0030930569      0.055529181
          26.273      0.002779109      0.052643951
          26.286     0.0025107283      0.050044226
          26.299     0.0022795053      0.047689718
          26.312     0.0020788841      0.045547364
          26.325     0.0019036928      0.043589778
          26.338     0.0017498074      0.041794085
          26.351      0.001613907       0.04014103
          26.364     0.0014932934      0.038614291
          26.377     0.0013857559      0.037199941
           26.39     0.0012894695      0.035886025
          26.403     0.0012029169      0.034662225
          26.416     0.0011248279      0.033519587
          26.429     0.0010541334      0.032450303
          26.442    0.00098992748      0.031447536
          26.455    0.00093143919      0.030505272
          26.468    0.00087800863      0.029618199
          26.481    0.00082906847      0.028781611
          26.494    0.00078412879      0.027991319
          26.507     0.0007427647      0.027243586
           26.52     0.0007046063      0.026535068
          26.533     0.0006693303      0.025862759
          26.546     0.0006366532      0.025223954
          26.559    0.00060632552      0.024616212
          26.572    0.00057812702      0.024037321
          26.585    0.00055186269      0.023485275
          26.598    0.00052735936       0.02295825
          26.611    0.00050446281      0.022454584
          26.624    0.00048303536      0.021972757
          26.637    0.00046295378       0.02151138
           26.65    0.00044410749      0.021069178
          26.663    0.00042639704      0.020644981
          26.676    0.00040973281       0.02023771
          26.689    0.00039403384      0.019846374
          26.702    0.00037922688      0.019470056
          26.715    0.00036524547      0.019107906
          26.728    0.00035202925       0.01875914
          26.741    0.00033952329      0.018423029
          26.754    0.00032767749      0.018098898
          26.767    0.00031644608      0.017786117
           26.78    0.00030578724      0.017484099
          26.793    0.00029566259        0.0171923
          26.806    0.00028603697      0.016910209
          26.819    0.00027687803      0.016637349
          26.832    0.00026815603      0.016373275
          26.845    0.00025984353      0.016117568
          26.858    0.00025191525      0.015869839
          26.871    0.00024434781      0.015629719
          26.884    0.00023711958      0.015396862
          26.897    0.00023021055      0.015170944
           26.91    0.00022360214       0.01495166
          26.923    0.00021727712      0.014738722
          26.936    0.00021121948      0.014531857
          26.949    0.00020541432       0.01433081
          26.962    0.00019984775      0.014135339
          26.975    0.00019450685      0.013945215
          26.988    0.00018937955      0.013760221
          27.001    0.00018445457      0.013580153
          27.014    0.00017972139      0.013404816
          27.027    0.00017517014      0.013234026
           27.04    0.00017079158      0.013067609
          27.053    0.00016657707      0.012905399
          27.066    0.00016251849      0.012747238
          27.079    0.00015860822      0.012592977
          27.092    0.00015483909      0.012442472
          27.105    0.00015120437      0.012295589
          27.118    0.00014769773      0.012152198
          27.131     0.0001443132      0.012012176
          27.144    0.00014104515      0.011875406
          27.157    0.00013788829      0.011741775
           27.17    0.00013483761      0.011611177
          27.183    0.00013188839       0.01148351
          27.196    0.00012903616      0.011358676
          27.209     0.0001262767      0.011236581
          27.222    0.00012360602      0.011117137
          27.235    0.00012102033      0.011000259
          27.248    0.00011851606      0.010885863
          27.261    0.00011608981      0.010773873
          27.274    0.00011373835      0.010664212
          27.287    0.00011145864      0.010556809
            27.3    0.00010924778      0.010451595
          27.313    0.00010710301      0.010348504
          27.326    0.00010502171      0.010247472
          27.339    0.00010300139      0.010148438
          27.352    0.00010103969      0.010051342
          27.365    9.9134348e-05     0.0099561298
          27.378    9.7283219e-05     0.0098627458
          27.391    9.5484256e-05     0.0097711381
          27.404    9.3735511e-05     0.0096812564
          27.417    9.2035124e-05     0.0095930524
           27.43    9.0381322e-05     0.0095064795
          27.443     8.877241e-05     0.0094214929
          27.456    8.7206772e-05     0.0093380494
          27.469    8.5682863e-05     0.0092561073
          27.482    8.4199207e-05     0.0091756263
          27.495    8.2754394e-05     0.0090965678
          27.508    8.1347072e-05     0.0090188943
          27.521     7.997595e-05     0.0089425697
          27.534    7.8639791e-05     0.0088675592
          27.547    7.7337412e-05     0.0087938292
           27.56    7.6067679e-05     0.0087213469
          27.573    7.4829504e-05     0.0086500812
          27.586    7.3621845e-05     0.0085800014
          27.599    7.2443703e-05     0.0085110784
          27.612     7.129412e-05     0.0084432836
          27.625    7.0172175e-05     0.0083765895
          27.638    6.9076986e-05     0.0083109695
          27.651    6.8007704e-05      0.008246398
          27.664    6.6963515e-05     0.0081828498
          27.677    6.5943636e-05     0.0081203009
           27.69    6.4947314e-05     0.0080587279
          27.703    6.3973825e-05     0.0079981081
          27.716    6.3022475e-05     0.0079384194
          27.729    6.2092593e-05     0.0078796407
          27.742    6.1183535e-05     0.0078217512
          27.755     6.029468e-05     0.0077647308
          27.768    5.9425432e-05     0.0077085602
          27.781    5.8575215e-05     0.0076532205
          27.794    5.7743474e-05     0.0075986933
          27.807    5.6929675e-05     0.0075449609
           27.82    5.6133304e-05     0.0074920059
          27.833    5.5353863e-05     0.0074398117
          27.846    5.4590873e-05      0.007388362
          27.859    5.3843872e-05     0.0073376408
          27.872    5.3112414e-05     0.0072876329
          27.885    5.2396068e-05     0.0072383232
          27.898    5.1694419e-05     0.0071896972
          27.911    5.1007065e-05     0.0071417409
          27.924    5.0333618e-05     0.0070944404
          27.937    4.9673704e-05     0.0070477823
           27.95    4.9026959e-05     0.0070017538
          27.963    4.8393035e-05      0.006956342
          27.976    4.7771593e-05     0.0069115346
          27.989    4.7162304e-05     0.0068673197
          28.002    4.6564853e-05     0.0068236856
          28.015    4.5978933e-05     0.0067806208
          28.028    4.5404247e-05     0.0067381144
          28.041    4.4840508e-05     0.0066961554
          28.054    4.4287439e-05     0.0066547334
          28.067    4.3744769e-05     0.0066138382
           28.08    4.3212239e-05     0.0065734597
          28.093    4.2689596e-05     0.0065335881
          28.106    4.2176595e-05     0.0064942141
          28.119    4.1672999e-05     0.0064553282
          28.132    4.1178578e-05     0.0064169215
          28.145    4.0693108e-05     0.0063789852
          28.158    4.0216375e-05     0.0063415107
          28.171    3.9748168e-05     0.0063044895
          28.184    3.9288284e-05     0.0062679135
          28.197    3.8836525e-05     0.0062317747
           28.21      3.83927e-05     0.0061960653
          28.223    3.7956622e-05     0.0061607777
          28.236    3.7528113e-05     0.0061259044
          28.249    3.7106996e-05     0.0060914381
          28.262      3.66931e-05     0.0060573719
          28.275    3.6286262e-05     0.0060236986
          28.288     3.588632e-05     0.0059904117
          28.301    3.5493118e-05     0.0059575043
          28.314    3.5106504e-05     0.0059249702
          28.327    3.4726332e-05     0.0058928029
           28.34    3.4352457e-05     0.0058609963
          28.353    3.3984741e-05     0.0058295443
          28.366    3.3623049e-05      0.005798441
          28.379    3.3267247e-05     0.0057676807
          28.392    3.2917209e-05     0.0057372577
          28.405     3.257281e-05     0.0057071664
          28.418    3.2233927e-05     0.0056774015
          28.431    3.1900444e-05     0.0056479577
          28.444    3.1572245e-05     0.0056188298
          28.457    3.1249219e-05     0.0055900128
           28.47    3.0931256e-05     0.0055615016
          28.483    3.0618251e-05     0.0055332914
          28.496      3.03101e-05     0.0055053775
          28.509    3.0006702e-05     0.0054777552
          28.522     2.970796e-05       0.00545042
          28.535    2.9413778e-05     0.0054233673
          28.548    2.9124064e-05      0.005396593
          28.561    2.8838726e-05     0.0053700925
          28.574    2.8557675e-05     0.0053438619
          28.587    2.8280827e-05     0.0053178969
