#============================================================================================
#ANSOFT                                                                              10/31/19
#Patch Transfer Function                                                             18:33:59
#
#--------------------------------------------------------------------------------------------
#        Freq [GHz]               vRe []               vIm []
20.000000000000000     0.001651379799207    -0.000531455576530
20.010000000000002     0.001652094930798    -0.000534356140939
20.020000000000000     0.001652808974603    -0.000537263495932
20.030000000000001     0.001653521806448    -0.000540177678760
20.039999999999999     0.001654233520706    -0.000543098718607
20.050000000000001     0.001654944077640    -0.000546026663279
20.059999999999999     0.001655653422613    -0.000548961527057
20.070000000000000     0.001656361615230    -0.000551903336638
20.079999999999998     0.001657068590919    -0.000554852178326
20.090000000000000     0.001657774369548    -0.000557808063296
20.100000000000001     0.001658478926281    -0.000560770987203
20.109999999999999     0.001659182196548    -0.000563741058699
20.120000000000001     0.001659884279690    -0.000566718220665
20.129999999999999     0.001660585081331    -0.000569702603485
20.140000000000001     0.001661284631275    -0.000572694192258
20.149999999999999     0.001661982869917    -0.000575693028584
20.160000000000000     0.001662679822092    -0.000578699165237
20.170000000000002     0.001663375477866    -0.000581712612151
20.180000000000000     0.001664069767701    -0.000584733441349
20.190000000000001     0.001664762746233    -0.000587761662764
20.199999999999999     0.001665454353859    -0.000590797312409
20.210000000000001     0.001666144640248    -0.000593840480931
20.219999999999999     0.001666833496126    -0.000596891144737
20.230000000000000     0.001667520981098    -0.000599949353498
20.239999999999998     0.001668207085228    -0.000603015164334
20.250000000000000     0.001668891704210    -0.000606088579730
20.260000000000002     0.001669574952284    -0.000609169711444
20.270000000000000     0.001670256735079    -0.000612258523464
20.280000000000001     0.001670937062526    -0.000615355096506
20.289999999999999     0.001671615840253    -0.000618459471548
20.300000000000001     0.001672293182501    -0.000621571648589
20.309999999999999     0.001672969024699    -0.000624691710828
20.320000000000000     0.001673643332078    -0.000627819657024
20.329999999999998     0.001674316025164    -0.000630955596450
20.340000000000000     0.001674987203299    -0.000634099500547
20.350000000000001     0.001675656831714    -0.000637251428920
20.359999999999999     0.001676324845836    -0.000640411449864
20.370000000000001     0.001676991225797    -0.000643579599392
20.379999999999999     0.001677656065972    -0.000646755873779
20.390000000000001     0.001678319167678    -0.000649940362430
20.399999999999999     0.001678980625290    -0.000653133101358
20.410000000000000     0.001679640409005    -0.000656334126573
20.420000000000002     0.001680298518822    -0.000659543440559
20.430000000000000     0.001680954875270    -0.000662761148866
20.440000000000001     0.001681609528018    -0.000665987281296
20.449999999999999     0.001682262457199    -0.000669221873860
20.460000000000001     0.001682913583339    -0.000672464943943
20.469999999999999     0.001683562876637    -0.000675716569777
20.480000000000000     0.001684210421532    -0.000678976787371
20.489999999999998     0.001684856128617    -0.000682245631496
20.500000000000000     0.001685499968090    -0.000685523138163
20.510000000000002     0.001686141974721    -0.000688809371944
20.520000000000000     0.001686782064068    -0.000692104399892
20.530000000000001     0.001687420260969    -0.000695408239395
20.539999999999999     0.001688056515751    -0.000698720916527
20.550000000000001     0.001688690823449    -0.000702042489653
20.559999999999999     0.001689323169160    -0.000705373034520
20.570000000000000     0.001689953513149    -0.000708712577204
20.579999999999998     0.001690581825613    -0.000712061147509
20.590000000000000     0.001691208161190    -0.000715418843533
20.600000000000001     0.001691832370868    -0.000718785644167
20.609999999999999     0.001692454563922    -0.000722161661169
20.620000000000001     0.001693074626110    -0.000725546898264
20.629999999999999     0.001693692567366    -0.000728941426234
20.640000000000001     0.001694308377757    -0.000732345267429
20.649999999999999     0.001694921977809    -0.000735758497598
20.660000000000000     0.001695533432093    -0.000739181162685
20.670000000000002     0.001696142616434    -0.000742613302427
20.680000000000000     0.001696749565601    -0.000746054960286
20.690000000000001     0.001697354274627    -0.000749506216976
20.699999999999999     0.001697956664039    -0.000752967089882
20.710000000000001     0.001698556728870    -0.000756437642335
20.719999999999999     0.001699154454219    -0.000759917957531
20.730000000000000     0.001699749840086    -0.000763408020570
20.739999999999998     0.001700342806997    -0.000766907915893
20.750000000000000     0.001700933345020    -0.000770417689443
20.760000000000002     0.001701521409450    -0.000773937419453
20.770000000000000     0.001702107015188    -0.000777467130757
20.780000000000001     0.001702690162235    -0.000781006886685
20.789999999999999     0.001703270741315    -0.000784556713315
20.800000000000001     0.001703848787198    -0.000788116707504
20.809999999999999     0.001704424180674    -0.000791686920165
20.820000000000000     0.001704997040954    -0.000795267372406
20.829999999999998     0.001705567194189    -0.000798858141219
20.840000000000000     0.001706134660248    -0.000802459239019
20.850000000000001     0.001706699478867    -0.000806070789984
20.859999999999999     0.001707261545739    -0.000809692799081
20.870000000000001     0.001707820786357    -0.000813325359442
20.879999999999999     0.001708377309998    -0.000816968481000
20.890000000000001     0.001708930982549    -0.000820622264340
20.899999999999999     0.001709481749374    -0.000824286744230
20.910000000000000     0.001710029665111    -0.000827961947989
20.920000000000002     0.001710574635385    -0.000831647993584
20.930000000000000     0.001711116675097    -0.000835344879774
20.940000000000001     0.001711655749478    -0.000839052703417
20.949999999999999     0.001712191704550    -0.000842771526600
20.960000000000001     0.001712724694290    -0.000846501379126
20.969999999999999     0.001713254554787    -0.000850242344193
20.980000000000000     0.001713781300942    -0.000853994487614
20.989999999999998     0.001714304863215    -0.000857757831742
21.000000000000000     0.001714825246574    -0.000861532448598
21.010000000000002     0.001715342406315    -0.000865318406479
21.020000000000000     0.001715856267933    -0.000869115798518
21.030000000000001     0.001716366876130    -0.000872924607331
21.039999999999999     0.001716874037193    -0.000876744984411
21.050000000000001     0.001717377850461    -0.000880576887540
21.059999999999999     0.001717878296067    -0.000884420495530
21.070000000000000     0.001718375274670    -0.000888275798449
21.079999999999998     0.001718868741566    -0.000892142845967
21.090000000000000     0.001719358627216    -0.000896021772193
21.100000000000001     0.001719845011094    -0.000899912567195
21.109999999999999     0.001720327749154    -0.000903815340246
21.120000000000001     0.001720806747023    -0.000907730131084
21.129999999999999     0.001721282168613    -0.000911656999313
21.140000000000001     0.001721753785441    -0.000915596081528
21.149999999999999     0.001722221587571    -0.000919547333024
21.160000000000000     0.001722685639576    -0.000923510877978
21.170000000000002     0.001723145767609    -0.000927486773511
21.180000000000000     0.001723601976636    -0.000931475104063
21.190000000000001     0.001724054221955    -0.000935475941657
21.199999999999999     0.001724502478730    -0.000939489313611
21.210000000000001     0.001724946692323    -0.000943515304365
21.219999999999999     0.001725386753459    -0.000947553971040
21.230000000000000     0.001725822721743    -0.000951605442779
21.239999999999998     0.001726254477966    -0.000955669699715
21.250000000000000     0.001726681982391    -0.000959746878441
21.260000000000002     0.001727105244952    -0.000963836983925
21.270000000000000     0.001727524111671    -0.000967940147793
21.280000000000001     0.001727938632218    -0.000972056461936
21.289999999999999     0.001728348717187    -0.000976185899034
21.300000000000001     0.001728754272202    -0.000980328635419
21.309999999999999     0.001729155312166    -0.000984484668607
21.320000000000000     0.001729551717868    -0.000988654088005
21.329999999999998     0.001729943553882    -0.000992836935833
21.340000000000000     0.001730330616557    -0.000997033400838
21.350000000000001     0.001730712990333    -0.001001243445769
21.359999999999999     0.001731090526200    -0.001005467160031
21.370000000000001     0.001731463199321    -0.001009704657868
21.379999999999999     0.001731830935190    -0.001013955971565
21.390000000000001     0.001732193684138    -0.001018221200462
21.399999999999999     0.001732551461065    -0.001022500411616
21.410000000000000     0.001732904116960    -0.001026793711818
21.420000000000002     0.001733251607120    -0.001031101123420
21.430000000000000     0.001733593911675    -0.001035422753213
21.440000000000001     0.001733930896516    -0.001039758670736
21.449999999999999     0.001734262631181    -0.001044108990231
21.460000000000001     0.001734588961693    -0.001048473726600
21.469999999999999     0.001734909744005    -0.001052852986634
21.480000000000000     0.001735225092361    -0.001057246829938
21.489999999999998     0.001735534862715    -0.001061655405524
21.500000000000000     0.001735838965662    -0.001066078735742
21.510000000000002     0.001736137341595    -0.001070516895100
21.520000000000000     0.001736429920977    -0.001074970035091
21.530000000000001     0.001736716703808    -0.001079438115981
21.539999999999999     0.001736997526174    -0.001083921309131
21.550000000000001     0.001737272388077    -0.001088419644345
21.559999999999999     0.001737541210041    -0.001092933263183
21.570000000000000     0.001737803887761    -0.001097462255052
21.579999999999998     0.001738060366598    -0.001102006595118
21.590000000000000     0.001738310621716    -0.001106566477095
21.600000000000001     0.001738554509072    -0.001111141960587
21.609999999999999     0.001738791988929    -0.001115733102717
21.620000000000001     0.001739022986781    -0.001120340007792
21.629999999999999     0.001739247413221    -0.001124962730449
21.640000000000001     0.001739465218579    -0.001129601394865
21.649999999999999     0.001739676278678    -0.001134256107832
21.660000000000000     0.001739880573649    -0.001138926886735
21.670000000000002     0.001740077984285    -0.001143613902936
21.680000000000000     0.001740268391375    -0.001148317153952
21.690000000000001     0.001740451829689    -0.001153036756510
21.699999999999999     0.001740628115446    -0.001157772872037
21.710000000000001     0.001740797179106    -0.001162525495568
21.719999999999999     0.001740958946165    -0.001167294786047
21.730000000000000     0.001741113376886    -0.001172080825432
21.739999999999998     0.001741260307356    -0.001176883650975
21.750000000000000     0.001741399742542    -0.001181703379402
21.760000000000002     0.001741531508598    -0.001186540157241
21.770000000000000     0.001741655570753    -0.001191393986976
21.780000000000001     0.001741771804831    -0.001196264985331
21.789999999999999     0.001741880131361    -0.001201153288902
21.800000000000001     0.001741980451000    -0.001206058994546
21.809999999999999     0.001742072659440    -0.001210982159384
21.820000000000000     0.001742156707012    -0.001215922880274
21.829999999999998     0.001742232479472    -0.001220881273940
21.840000000000000     0.001742299842710    -0.001225857390055
21.850000000000001     0.001742358697386    -0.001230851395013
21.859999999999999     0.001742408968993    -0.001235863303717
21.870000000000001     0.001742450587992    -0.001240893287529
21.879999999999999     0.001742483415307    -0.001245941450759
21.890000000000001     0.001742507291991    -0.001251007815756
21.899999999999999     0.001742522242880    -0.001256092476897
21.910000000000000     0.001742528074258    -0.001261195652730
21.920000000000002     0.001742524666917    -0.001266317325871
21.930000000000000     0.001742511946350    -0.001271457652783
21.940000000000001     0.001742489753612    -0.001276616727839
21.949999999999999     0.001742458083735    -0.001281794613128
21.960000000000001     0.001742416718170    -0.001286991460144
21.969999999999999     0.001742365617180    -0.001292207340910
21.980000000000000     0.001742304577116    -0.001297442362218
21.989999999999998     0.001742233553274    -0.001302696630860
22.000000000000000     0.001742152411543    -0.001307970303297
22.010000000000002     0.001742061022781    -0.001313263332342
22.020000000000000     0.001741959242943    -0.001318575988701
22.030000000000001     0.001741846992556    -0.001323908334460
22.039999999999999     0.001741724167311    -0.001329260421775
22.050000000000001     0.001741590538725    -0.001334632352469
22.059999999999999     0.001741446037259    -0.001340024270588
22.070000000000000     0.001741290573505    -0.001345436277956
22.079999999999998     0.001741123953749    -0.001350868508683
22.090000000000000     0.001740946098518    -0.001356321044726
22.100000000000001     0.001740756799195    -0.001361793945689
22.109999999999999     0.001740555991209    -0.001367287410255
22.120000000000001     0.001740343520581    -0.001372801502995
22.129999999999999     0.001740119198563    -0.001378336228877
22.140000000000001     0.001739882965550    -0.001383891923176
22.149999999999999     0.001739634578157    -0.001389468503936
22.160000000000000     0.001739373996648    -0.001395066149971
22.170000000000002     0.001739101042208    -0.001400685020227
22.180000000000000     0.001738815506221    -0.001406325144505
22.190000000000001     0.001738517304247    -0.001411986632082
22.199999999999999     0.001738206217736    -0.001417669691574
22.210000000000001     0.001737882182117    -0.001423374303112
22.219999999999999     0.001737544944069    -0.001429100700148
22.230000000000000     0.001737194468823    -0.001434848952220
22.239999999999998     0.001736830493125    -0.001440619128867
22.250000000000000     0.001736452872931    -0.001446411418838
22.260000000000002     0.001736061439361    -0.001452225846968
22.270000000000000     0.001735656058304    -0.001458062572202
22.280000000000001     0.001735236536045    -0.001463921793222
22.289999999999999     0.001734802798079    -0.001469803500095
22.300000000000001     0.001734354516580    -0.001475707841832
22.309999999999999     0.001733891587239    -0.001481634952544
22.320000000000000     0.001733413866013    -0.001487584936538
22.329999999999998     0.001732921109516    -0.001493557908056
22.340000000000000     0.001732413163769    -0.001499554050881
22.350000000000001     0.001731889864858    -0.001505573384880
22.359999999999999     0.001731350994235    -0.001511616044163
22.370000000000001     0.001730796373084    -0.001517682187676
22.379999999999999     0.001730225847428    -0.001523771929662
22.390000000000001     0.001729639173881    -0.001529885324758
22.399999999999999     0.001729036193496    -0.001536022586547
22.410000000000000     0.001728416727460    -0.001542183739865
22.420000000000002     0.001727780537355    -0.001548369003262
22.430000000000000     0.001727127394695    -0.001554578371771
22.440000000000001     0.001726457095833    -0.001560812098712
22.449999999999999     0.001725769466920    -0.001567070189051
22.460000000000001     0.001725064329143    -0.001573352791801
22.469999999999999     0.001724341444083    -0.001579660105643
22.480000000000000     0.001723600543520    -0.001585992175281
22.489999999999998     0.001722841478441    -0.001592349090122
22.500000000000000     0.001722064005462    -0.001598731053816
22.510000000000002     0.001721267896097    -0.001605138106098
22.520000000000000     0.001720452892061    -0.001611570425782
22.530000000000001     0.001719618854274    -0.001618028146980
22.539999999999999     0.001718765425111    -0.001624511349163
22.550000000000001     0.001717892450591    -0.001631020082003
22.559999999999999     0.001716999652560    -0.001637554623654
22.570000000000000     0.001716086852204    -0.001644114984051
22.579999999999998     0.001715153776335    -0.001650701302271
22.590000000000000     0.001714200131897    -0.001657313747193
22.600000000000001     0.001713225710273    -0.001663952388357
22.609999999999999     0.001712230258144    -0.001670617320137
22.620000000000001     0.001711213512256    -0.001677308761083
22.629999999999999     0.001710175239158    -0.001684026671459
22.640000000000001     0.001709115125925    -0.001690771354254
22.649999999999999     0.001708032919237    -0.001697542834304
22.660000000000000     0.001706928335972    -0.001704341126511
22.670000000000002     0.001705801152613    -0.001711166583535
22.680000000000000     0.001704651076104    -0.001718019135837
22.690000000000001     0.001703477813389    -0.001724899001968
22.699999999999999     0.001702281046575    -0.001731806226632
22.710000000000001     0.001701060621685    -0.001738740958839
22.719999999999999     0.001699816032079    -0.001745703377404
22.730000000000000     0.001698547113844    -0.001752693487293
22.739999999999998     0.001697253673265    -0.001759711457388
22.750000000000000     0.001695935203702    -0.001766757446632
22.760000000000002     0.001694591521376    -0.001773831474896
22.770000000000000     0.001693222209052    -0.001780933730926
22.780000000000001     0.001691827137588    -0.001788064319030
22.789999999999999     0.001690405805311    -0.001795223303782
22.800000000000001     0.001688958003606    -0.001802410854059
22.809999999999999     0.001687483359942    -0.001809627074171
22.820000000000000     0.001685981531594    -0.001816872048558
22.829999999999998     0.001684452295043    -0.001824145926230
22.840000000000000     0.001682895138684    -0.001831448781694
22.850000000000001     0.001681309843966    -0.001838780674555
22.859999999999999     0.001679696068162    -0.001846141798527
22.870000000000001     0.001678053344369    -0.001853532262886
22.879999999999999     0.001676381459004    -0.001860952132203
22.890000000000001     0.001674679979934    -0.001868401540589
22.899999999999999     0.001672948594233    -0.001875880527781
22.910000000000000     0.001671186810164    -0.001883389277559
22.920000000000002     0.001669394458846    -0.001890927869395
22.930000000000000     0.001667570969069    -0.001898496347995
22.940000000000001     0.001665716072612    -0.001906094867336
22.949999999999999     0.001663829352242    -0.001913723477089
22.960000000000001     0.001661910400660    -0.001921382356068
22.969999999999999     0.001659958830437    -0.001929071568844
22.980000000000000     0.001657974264076    -0.001936791209792
22.989999999999998     0.001655956294280    -0.001944541288845
23.000000000000000     0.001653904518716    -0.001952321925213
23.010000000000002     0.001651818445647    -0.001960133392084
23.020000000000000     0.001649697767114    -0.001967975515612
23.030000000000001     0.001647541966545    -0.001975848484543
23.039999999999999     0.001645350686312    -0.001983752482659
23.050000000000001     0.001643123385005    -0.001991687360949
23.059999999999999     0.001640859719898    -0.001999653412469
23.070000000000000     0.001638559243957    -0.002007650681922
23.079999999999998     0.001636221485310    -0.002015679159373
23.090000000000000     0.001633845996924    -0.002023738929264
23.100000000000001     0.001631432282093    -0.002031830185309
23.109999999999999     0.001628979854045    -0.002039952857968
23.120000000000001     0.001626488290582    -0.002048107011815
23.129999999999999     0.001623957080095    -0.002056292746191
23.140000000000001     0.001621385800387    -0.002064510279644
23.149999999999999     0.001618773964686    -0.002072759398593
23.160000000000000     0.001616120962043    -0.002081040271916
23.170000000000002     0.001613426375227    -0.002089353038693
23.180000000000000     0.001610689662829    -0.002097697659185
23.190000000000001     0.001607910333110    -0.002106074192998
23.199999999999999     0.001605087859563    -0.002114482585494
23.210000000000001     0.001602221750449    -0.002122923025421
23.219999999999999     0.001599311369986    -0.002131395562450
23.230000000000000     0.001596356335710    -0.002139900171746
23.239999999999998     0.001593355967135    -0.002148436818538
23.250000000000000     0.001590309792391    -0.002157005557466
23.260000000000002     0.001587217215432    -0.002165606517671
23.270000000000000     0.001584077615375    -0.002174239609747
23.280000000000001     0.001580890555120    -0.002182904903234
23.289999999999999     0.001577655398884    -0.002191602273954
23.300000000000001     0.001574371500951    -0.002200331980194
23.309999999999999     0.001571038359647    -0.002209093788503
23.320000000000000     0.001567655383893    -0.002217887803189
23.329999999999998     0.001564221883269    -0.002226714049088
23.340000000000000     0.001560737276630    -0.002235572521231
23.350000000000001     0.001557201052369    -0.002244462946432
23.359999999999999     0.001553612410790    -0.002253385637615
23.370000000000001     0.001549970830353    -0.002262340470603
23.379999999999999     0.001546275645473    -0.002271327311285
23.390000000000001     0.001542526235267    -0.002280346219268
23.399999999999999     0.001538721983821    -0.002289397110109
23.410000000000000     0.001534862091440    -0.002298479958976
23.420000000000002     0.001530946021682    -0.002307594656591
23.430000000000000     0.001526973064257    -0.002316741202956
23.440000000000001     0.001522942508878    -0.002325919419255
23.449999999999999     0.001518853689960    -0.002335129484304
23.460000000000001     0.001514705922047    -0.002344371060343
23.469999999999999     0.001510498519688    -0.002353644241745
23.480000000000000     0.001506230732858    -0.002362948760290
23.489999999999998     0.001501901851267    -0.002372284566307
23.500000000000000     0.001497511174560    -0.002381651694566
23.510000000000002     0.001493057937813    -0.002391049896713
23.520000000000000     0.001488541415834    -0.002400479023738
23.530000000000001     0.001483960888401    -0.002409939035904
23.539999999999999     0.001479315550851    -0.002419429764331
23.550000000000001     0.001474604702831    -0.002428951020270
23.559999999999999     0.001469827470137    -0.002438502644777
23.570000000000000     0.001464983157383    -0.002448084647786
23.579999999999998     0.001460070964873    -0.002457696592195
23.590000000000000     0.001455090122715    -0.002467338428334
23.600000000000001     0.001450039796441    -0.002477009987324
23.609999999999999     0.001444919161523    -0.002486711020811
23.620000000000001     0.001439727458000    -0.002496441359916
23.629999999999999     0.001434463796770    -0.002506200726484
23.640000000000001     0.001429127402973    -0.002515989001306
23.649999999999999     0.001423717387505    -0.002525805886358
23.660000000000000     0.001418232920870    -0.002535651014078
23.670000000000002     0.001412673118931    -0.002545524215587
23.680000000000000     0.001407037201861    -0.002555425282268
23.690000000000001     0.001401324240821    -0.002565353786955
23.699999999999999     0.001395533351675    -0.002575309560768
23.710000000000001     0.001389663734728    -0.002585292265947
23.719999999999999     0.001383714376701    -0.002595301544864
23.730000000000000     0.001377684443129    -0.002605337129299
23.739999999999998     0.001371572990271    -0.002615398631822
23.750000000000000     0.001365379094255    -0.002625485635199
23.760000000000002     0.001359101925584    -0.002635597801671
23.770000000000000     0.001352740441176    -0.002645734843150
23.780000000000001     0.001346293781731    -0.002655896233126
23.789999999999999     0.001339760938937    -0.002666081643776
23.800000000000001     0.001333141028659    -0.002676290608196
23.809999999999999     0.001326433002848    -0.002686522589943
23.820000000000000     0.001319636017104    -0.002696777340666
23.829999999999998     0.001312748998545    -0.002707054244450
23.840000000000000     0.001305770998464    -0.002717352794655
23.850000000000001     0.001298701018481    -0.002727672564114
23.859999999999999     0.001291538090022    -0.002738013036255
23.870000000000001     0.001284281204775    -0.002748373565359
23.879999999999999     0.001276929354428    -0.002758753624920
23.890000000000001     0.001269481520735    -0.002769152817573
23.899999999999999     0.001261936670549    -0.002779570259183
23.910000000000000     0.001254293840261    -0.002790005621924
23.920000000000002     0.001246551947054    -0.002800458190540
23.930000000000000     0.001238709923011    -0.002810927200105
23.940000000000001     0.001230766809490    -0.002821412064506
23.949999999999999     0.001222721498839    -0.002831912078423
23.960000000000001     0.001214572987713    -0.002842426576270
23.969999999999999     0.001206320151074    -0.002852954773252
23.980000000000000     0.001197962017864    -0.002863496073323
23.989999999999998     0.001189497497813    -0.002874049532743
24.000000000000000     0.001180925416213    -0.002884614386586
24.010000000000002     0.001172244834293    -0.002895189939463
24.020000000000000     0.001163454550023    -0.002905775227767
24.030000000000001     0.001154553669336    -0.002916369625649
24.039999999999999     0.001145540893345    -0.002926971911214
24.050000000000001     0.001136415278312    -0.002937581408942
24.059999999999999     0.001127175666912    -0.002948197175093
24.070000000000000     0.001117821048349    -0.002958818186454
24.079999999999998     0.001108350208181    -0.002969443489351
24.090000000000000     0.001098762133127    -0.002980072199648
24.100000000000001     0.001089055703116    -0.002990703095451
24.109999999999999     0.001079229808013    -0.003001335183347
24.120000000000001     0.001069283409702    -0.003011967599071
24.129999999999999     0.001059215345894    -0.003022598922044
24.140000000000001     0.001049024521354    -0.003033228148922
24.149999999999999     0.001038709888031    -0.003043854296228
24.160000000000000     0.001028270313440    -0.003054475943385
24.170000000000002     0.001017704724695    -0.003065091947971
24.180000000000000     0.001007011976891    -0.003075701107958
24.190000000000001     0.000996191044331    -0.003086302092176
24.199999999999999     0.000985240811912    -0.003096893728400
24.210000000000001     0.000974160191849    -0.003107474486779
24.219999999999999     0.000962948113741    -0.003118043165284
24.230000000000000     0.000951603502223    -0.003128598273800
24.239999999999998     0.000940125281926    -0.003139138381815
24.250000000000000     0.000928512447022    -0.003149662178027
24.260000000000002     0.000916763815352    -0.003160168033243
24.270000000000000     0.000904878468012    -0.003170654387808
24.280000000000001     0.000892855289898    -0.003181119910551
24.289999999999999     0.000880693275181    -0.003191562942476
24.300000000000001     0.000868391378296    -0.003201981705379
24.309999999999999     0.000855948648054    -0.003212374689274
24.320000000000000     0.000843363989217    -0.003222740125891
24.329999999999998     0.000830636465498    -0.003233076376102
24.340000000000000     0.000817765068583    -0.003243381671636
24.350000000000001     0.000804748862184    -0.003253654224353
24.359999999999999     0.000791586890141    -0.003263892107037
24.370000000000001     0.000778278183881    -0.003274093551417
24.379999999999999     0.000764821866717    -0.003284256848826
24.390000000000001     0.000751217002361    -0.003294379774023
24.399999999999999     0.000737462686808    -0.003304460469332
24.410000000000000     0.000723558049582    -0.003314496858523
24.420000000000002     0.000709502278570    -0.003324487093853
24.430000000000000     0.000695294536823    -0.003334428880542
24.440000000000001     0.000680933963799    -0.003344320291375
24.449999999999999     0.000666419797056    -0.003354159051439
24.460000000000001     0.000651751253040    -0.003363943024903
24.469999999999999     0.000636927632639    -0.003373669907053
24.480000000000000     0.000621948192037    -0.003383337621661
24.489999999999998     0.000606812223428    -0.003392943685200
24.500000000000000     0.000591519079854    -0.003402485832694
24.510000000000002     0.000576068132981    -0.003411961670021
24.520000000000000     0.000560458769380    -0.003421368842800
24.530000000000001     0.000544690366927    -0.003430704758229
24.539999999999999     0.000528762469893    -0.003439967201000
24.550000000000001     0.000512674523212    -0.003449153171014
24.559999999999999     0.000496426030177    -0.003458260661581
24.570000000000000     0.000480016582249    -0.003467286702402
24.579999999999998     0.000463445746983    -0.003476228770216
24.590000000000000     0.000446713189103    -0.003485084242416
24.600000000000001     0.000429818579077    -0.003493850277849
24.609999999999999     0.000412761607864    -0.003502524243976
24.620000000000001     0.000395542027254    -0.003511103349313
24.629999999999999     0.000378159669777    -0.003519584722902
24.640000000000001     0.000360614354752    -0.003527965473919
24.649999999999999     0.000342905988116    -0.003536242781077
24.660000000000000     0.000325034493345    -0.003544413803221
24.670000000000002     0.000306999868654    -0.003552475401173
24.680000000000000     0.000288802152916    -0.003560424743713
24.690000000000001     0.000270441419035    -0.003568258701597
24.699999999999999     0.000251917835475    -0.003575974284658
24.710000000000001     0.000233231571125    -0.003583568323916
24.719999999999999     0.000214382880547    -0.003591037819272
24.730000000000000     0.000195372103129    -0.003598379552072
24.739999999999998     0.000176199570598    -0.003605590412944
24.750000000000000     0.000156865724885    -0.003612667153432
24.760000000000002     0.000137371076491    -0.003619606445611
24.770000000000000     0.000117716168202    -0.003626405229777
24.780000000000001     0.000097901594357    -0.003633060038924
24.789999999999999     0.000077928055078    -0.003639567793481
24.800000000000001     0.000057796309626    -0.003645925066180
24.809999999999999     0.000037507182919    -0.003652128390018
24.820000000000000     0.000017061532861    -0.003658174456936
24.829999999999998    -0.000003539639531    -0.003664059948944
24.840000000000000    -0.000024295319748    -0.003669781438772
24.850000000000001    -0.000045204399485    -0.003675335519024
24.859999999999999    -0.000066265692578    -0.003680718742564
24.870000000000001    -0.000087477939092    -0.003685927672190
24.879999999999999    -0.000108839784884    -0.003690958850833
24.890000000000001    -0.000130349840733    -0.003695808761818
24.899999999999999    -0.000152006582993    -0.003700474107023
24.910000000000000    -0.000173808440835    -0.003704951220762
24.920000000000002    -0.000195753758988    -0.003709236685701
24.930000000000000    -0.000217840760488    -0.003713326995101
24.940000000000001    -0.000240067652229    -0.003717218771365
24.949999999999999    -0.000262432500785    -0.003720908477950
24.960000000000001    -0.000284933290464    -0.003724392548513
24.969999999999999    -0.000307567934560    -0.003727667635259
24.980000000000000    -0.000330334262161    -0.003730730251316
24.989999999999998    -0.000353229978331    -0.003733576909813
25.000000000000000    -0.000376252751662    -0.003736204213284
25.010000000000002    -0.000399400121054    -0.003738608714594
25.020000000000000    -0.000422669530337    -0.003740787165291
25.030000000000001    -0.000446058344491    -0.003742735939424
25.039999999999999    -0.000469563865474    -0.003744451828278
25.050000000000001    -0.000493183233504    -0.003745931573465
25.059999999999999    -0.000516913567069    -0.003747171757652
25.070000000000000    -0.000540751828428    -0.003748169132385
25.079999999999998    -0.000564694911232    -0.003748920508816
25.090000000000000    -0.000588739680728    -0.003749422737834
25.100000000000001    -0.000612882785783    -0.003749672600787
25.109999999999999    -0.000637120904681    -0.003749667057838
25.120000000000001    -0.000661450473249    -0.003749402890337
25.129999999999999    -0.000685868000271    -0.003748877257128
25.140000000000001    -0.000710369807022    -0.003748087128310
25.149999999999999    -0.000734952117921    -0.003747029553451
25.160000000000000    -0.000759611109732    -0.003745701731134
25.170000000000002    -0.000784342827440    -0.003744100929478
25.180000000000000    -0.000809143257005    -0.003742224406671
25.190000000000001    -0.000834008277675    -0.003740069470569
25.199999999999999    -0.000858933680608    -0.003737633597909
25.210000000000001    -0.000883915177337    -0.003734914195888
25.219999999999999    -0.000908948429681    -0.003731908820717
25.230000000000000    -0.000934028910562    -0.003728615167682
25.239999999999998    -0.000959152140160    -0.003725031110884
25.250000000000000    -0.000984313404589    -0.003721154156862
25.260000000000002    -0.001009508097835    -0.003716982428069
25.270000000000000    -0.001034731411714    -0.003712513888014
25.280000000000001    -0.001059978412545    -0.003707746579678
25.289999999999999    -0.001085244269557    -0.003702678814262
25.300000000000001    -0.001110523913872    -0.003697308734088
25.309999999999999    -0.001135812269782    -0.003691634680159
25.320000000000000    -0.001161104246678    -0.003685655370977
25.329999999999998    -0.001186394560856    -0.003679369227018
25.340000000000000    -0.001211678024850    -0.003672775056188
25.350000000000001    -0.001236949265549    -0.003665871567054
25.359999999999999    -0.001262202891837    -0.003658657895349
25.370000000000001    -0.001287433539297    -0.003651133027793
25.379999999999999    -0.001312635577773    -0.003643295961042
25.390000000000001    -0.001337803630429    -0.003635146277862
25.399999999999999    -0.001362932046000    -0.003626683312670
25.410000000000000    -0.001388015175704    -0.003617906648231
25.420000000000002    -0.001413047462650    -0.003608815877248
25.430000000000000    -0.001438023101594    -0.003599410850709
25.440000000000001    -0.001462936457413    -0.003589691598416
25.449999999999999    -0.001487781791918    -0.003579658160106
25.460000000000001    -0.001512553296141    -0.003569310794064
25.469999999999999    -0.001537245143726    -0.003558649748645
25.480000000000000    -0.001561851647398    -0.003547675749038
25.489999999999998    -0.001586366931132    -0.003536389152869
25.500000000000000    -0.001610785171057    -0.003524790913815
25.510000000000002    -0.001635100597941    -0.003512881945812
25.520000000000000    -0.001659307360594    -0.003500663182667
25.530000000000001    -0.001683399635146    -0.003488136084693
25.539999999999999    -0.001707371669748    -0.003475301714840
25.550000000000001    -0.001731217764707    -0.003462161612893
25.559999999999999    -0.001754931924788    -0.003448717606731
25.570000000000000    -0.001778508653946    -0.003434971345412
25.579999999999998    -0.001801942073674    -0.003420924676683
25.590000000000000    -0.001825226596036    -0.003406579815848
25.600000000000001    -0.001848356444347    -0.003391938849070
25.609999999999999    -0.001871326244258    -0.003377004150601
25.620000000000001    -0.001894130310973    -0.003361778233770
25.629999999999999    -0.001916763148448    -0.003346263562235
25.640000000000001    -0.001939219347563    -0.003330463126163
25.649999999999999    -0.001961493404820    -0.003314379657433
25.660000000000000    -0.001983580134616    -0.003298016334959
25.670000000000002    -0.002005474137764    -0.003281376138974
25.680000000000000    -0.002027170318065    -0.003264462496745
25.690000000000001    -0.002048663574358    -0.003247278775934
25.699999999999999    -0.002069948790574    -0.003229828503150
25.710000000000001    -0.002091021113904    -0.003212115433483
25.719999999999999    -0.002111875587228    -0.003194143322029
25.730000000000000    -0.002132507437206    -0.003175916112626
25.739999999999998    -0.002152912138853    -0.003157437719313
25.750000000000000    -0.002173084943666    -0.003138712374020
25.760000000000002    -0.002193021376329    -0.003119744388150
25.770000000000000    -0.002212717110537    -0.003100537983697
25.780000000000001    -0.002232167879593    -0.003081097869430
25.789999999999999    -0.002251369536005    -0.003061428466025
25.800000000000001    -0.002270317892549    -0.003041534323304
25.809999999999999    -0.002289009248767    -0.003021420448058
25.820000000000000    -0.002307439611150    -0.003001091519250
25.829999999999998    -0.002325605467991    -0.002980552533736
25.840000000000000    -0.002343503103932    -0.002959808557912
25.850000000000001    -0.002361129235752    -0.002938864678041
25.859999999999999    -0.002378480341809    -0.002917726020121
25.870000000000001    -0.002395553392200    -0.002896397898900
25.879999999999999    -0.002412345317287    -0.002874885639060
25.890000000000001    -0.002428853300749    -0.002853194575216
25.899999999999999    -0.002445074511366    -0.002831330141326
25.910000000000000    -0.002461006192423    -0.002809297821016
25.920000000000002    -0.002476645974636    -0.002787103207189
25.930000000000000    -0.002491991488719    -0.002764751882814
25.940000000000001    -0.002507040593873    -0.002742249470595
25.949999999999999    -0.002521791059890    -0.002719601593236
25.960000000000001    -0.002536241093663    -0.002696814052257
25.969999999999999    -0.002550388782878    -0.002673892410758
25.980000000000000    -0.002564232622516    -0.002650842639137
25.989999999999998    -0.002577770898945    -0.002627670270693
26.000000000000000    -0.002591002608818    -0.002604381216219
26.010000000000002    -0.002603926202416    -0.002580981426245
26.020000000000000    -0.002616540711163    -0.002557476444003
26.030000000000001    -0.002628845176417    -0.002533872150486
26.039999999999999    -0.002640839022000    -0.002510174357146
26.050000000000001    -0.002652521234633    -0.002486388895303
26.059999999999999    -0.002663891536161    -0.002462521636016
26.070000000000000    -0.002674949489484    -0.002438578162253
26.079999999999998    -0.002685694836313    -0.002414564404676
26.090000000000000    -0.002696127566715    -0.002390485906516
26.100000000000001    -0.002706247541614    -0.002366348598437
26.109999999999999    -0.002716055108701    -0.002342158033604
26.120000000000001    -0.002725550426923    -0.002317919814854
26.129999999999999    -0.002734734022788    -0.002293639554958
26.140000000000001    -0.002743606412868    -0.002269323015697
26.149999999999999    -0.002752168272684    -0.002244975526721
26.160000000000000    -0.002760420247952    -0.002220602576624
26.170000000000002    -0.002768363500963    -0.002196209673868
26.180000000000000    -0.002775998985390    -0.002171802098432
26.190000000000001    -0.002783327803921    -0.002147385333943
26.199999999999999    -0.002790351188384    -0.002122964511367
26.210000000000001    -0.002797070678565    -0.002098544821276
26.219999999999999    -0.002803487585767    -0.002074131424438
26.230000000000000    -0.002809603568985    -0.002049729377315
26.239999999999998    -0.002815420297151    -0.002025343800938
26.250000000000000    -0.002820939697480    -0.002000979453746
26.260000000000002    -0.002826163508441    -0.001976641183582
26.270000000000000    -0.002831093766526    -0.001952333917764
26.280000000000001    -0.002835732567832    -0.001928062255783
26.289999999999999    -0.002840081978653    -0.001903830886539
26.300000000000001    -0.002844144373240    -0.001879644295281
26.309999999999999    -0.002847922066242    -0.001855506897720
26.320000000000000    -0.002851417402106    -0.001831423164204
26.329999999999998    -0.002854632953768    -0.001807397306794
26.340000000000000    -0.002857571214687    -0.001783433562388
26.350000000000001    -0.002860234827336    -0.001759536078476
26.359999999999999    -0.002862626603068    -0.001735708788964
26.370000000000001    -0.002864749104882    -0.001711955722132
26.379999999999999    -0.002866605273274    -0.001688280583404
26.390000000000001    -0.002868198009004    -0.001664687321585
26.399999999999999    -0.002869530232698    -0.001641179448385
26.410000000000000    -0.002870604924590    -0.001617760614587
26.420000000000002    -0.002871425025174    -0.001594434232556
26.430000000000000    -0.002871993872312    -0.001571203684857
26.440000000000001    -0.002872314366762    -0.001548072339153
26.449999999999999    -0.002872389846384    -0.001525043314752
26.460000000000001    -0.002872223301345    -0.001502119765735
26.469999999999999    -0.002871818238385    -0.001479304682267
26.480000000000000    -0.002871177697340    -0.001456600910470
26.489999999999998    -0.002870305115411    -0.001434011420643
26.500000000000000    -0.002869203780789    -0.001411538815521
26.510000000000002    -0.002867877031332    -0.001389185822018
26.520000000000000    -0.002866328274441    -0.001366954918693
26.530000000000001    -0.002864561006921    -0.001344848579138
26.539999999999999    -0.002862578437488    -0.001322869212376
26.550000000000001    -0.002860384072883    -0.001301019038678
26.559999999999999    -0.002857981439713    -0.001279300268385
26.570000000000000    -0.002855373865904    -0.001257715024910
26.579999999999998    -0.002852564927736    -0.001236265257824
26.590000000000000    -0.002849557992871    -0.001214952996168
26.600000000000001    -0.002846356428970    -0.001193779956058
26.609999999999999    -0.002842963921588    -0.001172747985239
26.620000000000001    -0.002839383818519    -0.001151858695520
26.629999999999999    -0.002835619547030    -0.001131113745897
26.640000000000001    -0.002831674494652    -0.001110514514726
26.649999999999999    -0.002827552317136    -0.001090062571598
26.660000000000000    -0.002823256352343    -0.001069759170693
26.670000000000002    -0.002818789997736    -0.001049605665533
26.680000000000000    -0.002814156710386    -0.001029603116585
26.690000000000001    -0.002809359828153    -0.001009752807832
26.699999999999999    -0.002804402748501    -0.000990055700399
26.710000000000001    -0.002799288858960    -0.000970512723124
26.719999999999999    -0.002794021527194    -0.000951124842101
26.730000000000000    -0.002788604150667    -0.000931892891793
26.739999999999998    -0.002783039938096    -0.000912817604842
26.750000000000000    -0.002777332078329    -0.000893899674151
26.760000000000002    -0.002771483998634    -0.000875139733020
26.770000000000000    -0.002765498977265    -0.000856538382463
26.780000000000001    -0.002759380024257    -0.000838096084415
26.789999999999999    -0.002753130537076    -0.000819813278461
26.800000000000001    -0.002746753565492    -0.000801690359481
26.809999999999999    -0.002740252238748    -0.000783727700005
26.820000000000000    -0.002733629705957    -0.000765925458978
26.829999999999998    -0.002726889006957    -0.000748283917039
26.840000000000000    -0.002720033270990    -0.000730803254244
26.850000000000001    -0.002713065378948    -0.000713483486736
26.859999999999999    -0.002705988291195    -0.000696324722547
26.870000000000001    -0.002698805136974    -0.000679327000174
26.879999999999999    -0.002691518538891    -0.000662490173087
26.890000000000001    -0.002684131755332    -0.000645814176715
26.899999999999999    -0.002676647309560    -0.000629298920409
26.910000000000000    -0.002669068201677    -0.000612944203005
26.920000000000002    -0.002661397024484    -0.000596749755038
26.930000000000000    -0.002653636688674    -0.000580715314497
26.940000000000001    -0.002645789856589    -0.000564840623096
26.949999999999999    -0.002637859041558    -0.000549125284711
26.960000000000001    -0.002629847035064    -0.000533568892045
26.969999999999999    -0.002621756499449    -0.000518171024140
26.980000000000000    -0.002613589749360    -0.000502931256933
26.989999999999998    -0.002605349526610    -0.000487849065779
27.000000000000000    -0.002597038145846    -0.000472923919204
27.010000000000002    -0.002588658199871    -0.000458155288217
27.020000000000000    -0.002580211983463    -0.000443542533308
27.030000000000001    -0.002571701930479    -0.000429085068367
27.039999999999999    -0.002563130246291    -0.000414782229671
27.050000000000001    -0.002554499384622    -0.000400633338285
27.059999999999999    -0.002545811640252    -0.000386637674608
27.070000000000000    -0.002537069009937    -0.000372794559394
27.079999999999998    -0.002528273877861    -0.000359103195587
27.090000000000000    -0.002519428191112    -0.000345562811141
27.100000000000001    -0.002510534353741    -0.000332172627411
27.109999999999999    -0.002501594173758    -0.000318931811077
27.120000000000001    -0.002492609757192    -0.000305839533242
27.129999999999999    -0.002483583200140    -0.000292894932278
27.140000000000001    -0.002474516350347    -0.000280097140038
27.149999999999999    -0.002465411125096    -0.000267445233968
27.160000000000000    -0.002456269550943    -0.000254938338237
27.170000000000002    -0.002447093306753    -0.000242575490304
27.180000000000000    -0.002437884498558    -0.000230355804695
27.190000000000001    -0.002428644616472    -0.000218278275212
27.199999999999999    -0.002419375418834    -0.000206341960386
27.210000000000001    -0.002410078822926    -0.000194545882639
27.219999999999999    -0.002400756348666    -0.000182889057096
27.230000000000000    -0.002391409804063    -0.000171370455267
27.239999999999998    -0.002382040679231    -0.000159989105240
27.250000000000000    -0.002372650494090    -0.000148743944511
27.260000000000002    -0.002363240947372    -0.000137633963391
27.270000000000000    -0.002353813578863    -0.000126658140161
27.280000000000001    -0.002344369709800    -0.000115815414839
27.289999999999999    -0.002334910989246    -0.000105104742638
27.300000000000001    -0.002325438619226    -0.000094525060879
27.309999999999999    -0.002315954149461    -0.000084075309872
27.320000000000000    -0.002306458881320    -0.000073754423487
27.329999999999998    -0.002296954145974    -0.000063561328451
27.340000000000000    -0.002287441314328    -0.000053494946059
27.350000000000001    -0.002277921618212    -0.000043554221435
27.359999999999999    -0.002268396249720    -0.000033738048166
27.370000000000001    -0.002258866490350    -0.000024045350266
27.379999999999999    -0.002249333502394    -0.000014475034670
27.390000000000001    -0.002239798477945    -0.000005026034706
27.399999999999999    -0.002230262450150     0.000004302748434
27.410000000000000    -0.002220726660771     0.000013512398109
27.420000000000002    -0.002211192192628     0.000022604017005
27.430000000000000    -0.002201659929855     0.000031578680025
27.440000000000001    -0.002192130985072     0.000040437477435
27.449999999999999    -0.002182606361625     0.000049181480957
27.460000000000001    -0.002173087112529     0.000057811793741
27.469999999999999    -0.002163574141787     0.000066329480754
27.480000000000000    -0.002154068403074     0.000074735647788
27.489999999999998    -0.002144570651382     0.000083031342890
27.500000000000000    -0.002135081909924     0.000091217663469
27.510000000000002    -0.002125603072771     0.000099295666885
27.520000000000000    -0.002116134825374     0.000107266432233
27.530000000000001    -0.002106678012134     0.000115131025565
27.539999999999999    -0.002097233666197     0.000122890493689
27.550000000000001    -0.002087802224665     0.000130545907004
27.559999999999999    -0.002078384631278     0.000138098314489
27.570000000000000    -0.002068981611225     0.000145548767609
27.579999999999998    -0.002059593790355     0.000152898304166
27.590000000000000    -0.002050221903792     0.000160147965381
27.600000000000001    -0.002040866676726     0.000167298787037
27.609999999999999    -0.002031528595929     0.000174351792659
27.620000000000001    -0.002022208485931     0.000181308020827
27.629999999999999    -0.002012906833503     0.000188168466368
27.640000000000001    -0.002003624294297     0.000194934152631
27.649999999999999    -0.001994361340183     0.000201606083291
27.660000000000000    -0.001985118676482     0.000208185258296
27.670000000000002    -0.001975896814801     0.000214672672493
27.680000000000000    -0.001966696236944     0.000221069303539
27.690000000000001    -0.001957517474386     0.000227376145931
27.699999999999999    -0.001948360979129     0.000233594161569
27.710000000000001    -0.001939227322384     0.000239724325548
27.719999999999999    -0.001930116841911     0.000245767597441
27.730000000000000    -0.001921030108920     0.000251724917263
27.739999999999998    -0.001911967495941     0.000257597259488
27.750000000000000    -0.001902929400339     0.000263385531845
27.760000000000002    -0.001893916254246     0.000269090680557
27.770000000000000    -0.001884928435160     0.000274713644398
27.780000000000001    -0.001875966375213     0.000280255314798
27.789999999999999    -0.001867030387330     0.000285716624944
27.800000000000001    -0.001858120784436     0.000291098450587
27.809999999999999    -0.001849238008598     0.000296401722354
27.820000000000000    -0.001840382308168     0.000301627322244
27.829999999999998    -0.001831554025875     0.000306776110470
27.840000000000000    -0.001822753439872     0.000311848964939
27.850000000000001    -0.001813980858118     0.000316846761581
27.859999999999999    -0.001805236519029     0.000321770357734
27.870000000000001    -0.001796520745466     0.000326620610682
27.879999999999999    -0.001787833820551     0.000331398339213
27.890000000000001    -0.001779175893294     0.000336104410077
27.899999999999999    -0.001770547251785     0.000340739630886
27.910000000000000    -0.001761948114574     0.000345304821205
27.920000000000002    -0.001753378695245     0.000349800807426
27.930000000000000    -0.001744839227249     0.000354228384278
27.940000000000001    -0.001736329894367     0.000358588367290
27.949999999999999    -0.001727850825743     0.000362881521697
27.960000000000001    -0.001719402264763     0.000367108638815
27.969999999999999    -0.001710984385272     0.000371270501419
27.980000000000000    -0.001702597291579     0.000375367879558
27.989999999999998    -0.001694241167466     0.000379401514720
28.000000000000000    -0.001685916161944     0.000383372166244
28.010000000000002    -0.001677622448859     0.000387280596572
28.020000000000000    -0.001669360023245     0.000391127514828
28.030000000000001    -0.001661129178158     0.000394913674685
28.039999999999999    -0.001652929873861     0.000398639791245
28.050000000000001    -0.001644762323939     0.000402306571885
28.059999999999999    -0.001636626617796     0.000405914733141
28.070000000000000    -0.001628522755435     0.000409464988766
28.079999999999998    -0.001620450955405     0.000412957999232
28.090000000000000    -0.001612411148167     0.000416394468920
28.100000000000001    -0.001604403532404     0.000419775078733
28.109999999999999    -0.001596428108116     0.000423100504928
28.120000000000001    -0.001588484929939     0.000426371385810
28.129999999999999    -0.001580574107150     0.000429588408463
28.140000000000001    -0.001572695629815     0.000432752227140
28.149999999999999    -0.001564849527734     0.000435863453099
28.160000000000000    -0.001557035939987     0.000438922741139
28.170000000000002    -0.001549254782133     0.000441930722229
28.180000000000000    -0.001541506118744     0.000444888039487
28.190000000000001    -0.001533789994524     0.000447795263989
28.199999999999999    -0.001526106474043     0.000450653011559
28.210000000000001    -0.001518455398357     0.000453461914679
28.219999999999999    -0.001510836961180     0.000456222565091
28.230000000000000    -0.001503251058205     0.000458935550569
28.239999999999998    -0.001495697734134     0.000461601424317
28.250000000000000    -0.001488176924397     0.000464220772954
28.260000000000002    -0.001480688698532     0.000466794190546
28.270000000000000    -0.001473232991967     0.000469322244035
28.280000000000001    -0.001465809804702     0.000471805434940
28.289999999999999    -0.001458419101968     0.000474244376536
28.300000000000001    -0.001451060839061     0.000476639585396
28.309999999999999    -0.001443735015982     0.000478991600136
28.320000000000000    -0.001436441642664     0.000481300931275
28.329999999999998    -0.001429180560162     0.000483568148628
28.340000000000000    -0.001421951862850     0.000485793753557
28.350000000000001    -0.001414755436485     0.000487978232212
28.359999999999999    -0.001407591231398     0.000490122135935
28.370000000000001    -0.001400459242620     0.000492225958640
28.379999999999999    -0.001393359370812     0.000494290161329
28.390000000000001    -0.001386291566302     0.000496315276409
28.399999999999999    -0.001379255843991     0.000498301764265
28.410000000000000    -0.001372252059836     0.000500250111045
28.420000000000002    -0.001365280149264     0.000502160775273
28.430000000000000    -0.001358340156978     0.000504034248685
28.440000000000001    -0.001351431854495     0.000505871004083
28.449999999999999    -0.001344555261683     0.000507671441626
28.460000000000001    -0.001337710299068     0.000509436074782
28.469999999999999    -0.001330896931882     0.000511165325441
28.480000000000000    -0.001324114986277     0.000512859622633
28.489999999999998    -0.001317364497023     0.000514519421773
28.500000000000000    -0.001310645315108     0.000516145144751
28.510000000000002    -0.001303957390862     0.000517737214077
28.520000000000000    -0.001297300585207     0.000519296055676
28.530000000000001    -0.001290674808737     0.000520822088643
28.539999999999999    -0.001284080101187     0.000522315708480
28.550000000000001    -0.001277516229106     0.000523777335523
28.559999999999999    -0.001270983197462     0.000525207352856
28.570000000000000    -0.001264480832407     0.000526606180197
28.579999999999998    -0.001258009143875     0.000527974188210
28.590000000000000    -0.001251567938152     0.000529311783574
28.600000000000001    -0.001245157160600     0.000530619322674
28.609999999999999    -0.001238776721811     0.000531897193562
28.620000000000001    -0.001232426482709     0.000533145784289
28.629999999999999    -0.001226106413490     0.000534365443169
28.640000000000001    -0.001219816375079     0.000535556568188
28.649999999999999    -0.001213556268132     0.000536719459853
28.660000000000000    -0.001207325903904     0.000537854496900
28.670000000000002    -0.001201125386700     0.000538962056827
28.680000000000000    -0.001194954368829     0.000540042490431
28.690000000000001    -0.001188812924795     0.000541096080835
28.699999999999999    -0.001182700880751     0.000542123219815
28.710000000000001    -0.001176618082720     0.000543124221536
28.719999999999999    -0.001170564490964     0.000544099412584
28.730000000000000    -0.001164539976341     0.000545049123266
28.739999999999998    -0.001158544429575     0.000545973688239
28.750000000000000    -0.001152577711588     0.000546873399316
28.760000000000002    -0.001146639777677     0.000547748603571
28.770000000000000    -0.001140730419226     0.000548599577916
28.780000000000001    -0.001134849616367     0.000549426653282
28.789999999999999    -0.001128997215120     0.000550230120862
28.800000000000001    -0.001123173126080     0.000551010283025
28.809999999999999    -0.001117377210168     0.000551767424757
28.820000000000000    -0.001111609283604     0.000552501849668
28.829999999999998    -0.001105869341420     0.000553213865716
28.840000000000000    -0.001100157229638     0.000553903736155
28.850000000000001    -0.001094472838982     0.000554571724859
28.859999999999999    -0.001088816040310     0.000555218122401
28.870000000000001    -0.001083186726829     0.000555843226183
28.879999999999999    -0.001077584781814     0.000556447260344
28.890000000000001    -0.001072010063704     0.000557030550847
28.899999999999999    -0.001066462478124     0.000557593318725
28.910000000000000    -0.001060941958020     0.000558135837787
28.920000000000002    -0.001055448267457     0.000558658370045
28.930000000000000    -0.001049981401467     0.000559161188688
28.940000000000001    -0.001044541176269     0.000559644484326
28.949999999999999    -0.001039127497490     0.000560108556844
28.960000000000001    -0.001033740223569     0.000560553665152
28.969999999999999    -0.001028379235295     0.000560980022831
28.980000000000000    -0.001023044480515     0.000561387852157
28.989999999999998    -0.001017735763031     0.000561777413281
29.000000000000000    -0.001012452978534     0.000562148953933
29.010000000000002    -0.001007196074871     0.000562502669071
29.020000000000000    -0.001001964845908     0.000562838816981
29.030000000000001    -0.000996759237008     0.000563157612489
29.039999999999999    -0.000991579104126     0.000563459280353
29.050000000000001    -0.000986424355372     0.000563744031674
29.059999999999999    -0.000981294794547     0.000564012097420
29.070000000000000    -0.000976190364531     0.000564263696140
29.079999999999998    -0.000971110943630     0.000564499022792
29.090000000000000    -0.000966056420085     0.000564718264881
29.100000000000001    -0.000961026652336     0.000564921673245
29.109999999999999    -0.000956021543526     0.000565109431665
29.120000000000001    -0.000951040989345     0.000565281751239
29.129999999999999    -0.000946084815947     0.000565438802089
29.140000000000001    -0.000941152968694     0.000565580808976
29.149999999999999    -0.000936245313477     0.000565707968096
29.160000000000000    -0.000931361696316     0.000565820443364
29.170000000000002    -0.000926502037738     0.000565918464505
29.180000000000000    -0.000921666211085     0.000566002200400
29.190000000000001    -0.000916854117013     0.000566071811235
29.199999999999999    -0.000912065643766     0.000566127510594
29.210000000000001    -0.000907300642330     0.000566169473565
29.219999999999999    -0.000902558993498     0.000566197852886
29.230000000000000    -0.000897840612829     0.000566212865866
29.239999999999998    -0.000893145376146     0.000566214655306
29.250000000000000    -0.000888473199010     0.000566203397537
29.260000000000002    -0.000883823912541     0.000566179265165
29.270000000000000    -0.000879197422366     0.000566142441971
29.280000000000001    -0.000874593651493     0.000566093060823
29.289999999999999    -0.000870012455880     0.000566031304259
29.300000000000001    -0.000865453713833     0.000565957347370
29.309999999999999    -0.000860917321044     0.000565871309365
29.320000000000000    -0.000856403165755     0.000565773362847
29.329999999999998    -0.000851911170975     0.000565663685391
29.340000000000000    -0.000847441175277     0.000565542422281
29.350000000000001    -0.000842993091735     0.000565409710112
29.359999999999999    -0.000838566791208     0.000565265706588
29.370000000000001    -0.000834162216574     0.000565110560720
29.379999999999999    -0.000829779201436     0.000564944405377
29.390000000000001    -0.000825417639003     0.000564767408198
29.399999999999999    -0.000821077469671     0.000564579708259
29.410000000000000    -0.000816758536976     0.000564381416079
29.420000000000002    -0.000812460773865     0.000564172691843
29.430000000000000    -0.000808184036292     0.000563953692014
29.440000000000001    -0.000803928234850     0.000563724514693
29.449999999999999    -0.000799693282616     0.000563485310131
29.460000000000001    -0.000795479008226     0.000563236217407
29.469999999999999    -0.000791285359527     0.000562977361938
29.480000000000000    -0.000787112244629     0.000562708865418
29.489999999999998    -0.000782959499617     0.000562430861957
29.500000000000000    -0.000778827094690     0.000562143463313
29.510000000000002    -0.000774714860968     0.000561846835883
29.520000000000000    -0.000770622753748     0.000561541035547
29.530000000000001    -0.000766550609117     0.000561226229942
29.539999999999999    -0.000762498369953     0.000560902540761
29.550000000000001    -0.000758465924499     0.000560570068587
29.559999999999999    -0.000754453128709     0.000560228935113
29.570000000000000    -0.000750459962715     0.000559879226021
29.579999999999998    -0.000746486255154     0.000559521112673
29.590000000000000    -0.000742531953872     0.000559154683235
29.600000000000001    -0.000738596922275     0.000558780035807
29.609999999999999    -0.000734681078406     0.000558397278422
29.620000000000001    -0.000730784335342     0.000558006514145
29.629999999999999    -0.000726906578841     0.000557607887023
29.640000000000001    -0.000723047709562     0.000557201466593
29.649999999999999    -0.000719207648031     0.000556787375789
29.660000000000000    -0.000715386280007     0.000556365711471
29.670000000000002    -0.000711583530984     0.000555936571736
29.680000000000000    -0.000707799281753     0.000555500037300
29.690000000000001    -0.000704033442906     0.000555056252207
29.699999999999999    -0.000700285920070     0.000554605266128
29.710000000000001    -0.000696556638738     0.000554147219382
29.719999999999999    -0.000692845484669     0.000553682185232
29.730000000000000    -0.000689152363488     0.000553210236944
29.739999999999998    -0.000685477208141     0.000552731521044
29.750000000000000    -0.000681819877066     0.000552246054918
29.760000000000002    -0.000678180345428     0.000551753996270
29.770000000000000    -0.000674558479116     0.000551255403463
29.780000000000001    -0.000670954206109     0.000550750358453
29.789999999999999    -0.000667367409680     0.000550238966789
29.800000000000001    -0.000663798040158     0.000549721321605
29.809999999999999    -0.000660245965918     0.000549197465120
29.820000000000000    -0.000656711154674     0.000548667519026
29.829999999999998    -0.000653193452445     0.000548131554106
29.840000000000000    -0.000649692829431     0.000547589651072
29.850000000000001    -0.000646209163938     0.000547041878222
29.859999999999999    -0.000642742398846     0.000546488336139
29.870000000000001    -0.000639292429845     0.000545929088153
29.879999999999999    -0.000635859204783     0.000545364232363
29.890000000000001    -0.000632442569680     0.000544793804780
29.899999999999999    -0.000629042512119     0.000544217937032
29.910000000000000    -0.000625658905439     0.000543636650228
29.920000000000002    -0.000622291690037     0.000543050026324
29.930000000000000    -0.000618940776505     0.000542458174596
29.940000000000001    -0.000615606095305     0.000541861133538
29.949999999999999    -0.000612287566964     0.000541258937921
29.960000000000001    -0.000608985094623     0.000540651754139
29.969999999999999    -0.000605698623646     0.000540039578468
29.980000000000000    -0.000602428062142     0.000539422504040
29.989999999999998    -0.000599173300836     0.000538800573076
30.000000000000000    -0.000595934339728     0.000538173883673
30.010000000000002    -0.000592711048432     0.000537542476811
30.020000000000000    -0.000589503359894     0.000536906399677
30.030000000000001    -0.000586311189674     0.000536265773963
30.039999999999999    -0.000583134498035     0.000535620635680
30.050000000000001    -0.000579973189361     0.000534971014632
30.059999999999999    -0.000576827192871     0.000534317001466
30.070000000000000    -0.000573696462622     0.000533658653303
30.079999999999998    -0.000570580889337     0.000532996028507
30.090000000000000    -0.000567480424587     0.000532329179232
30.100000000000001    -0.000564395007527     0.000531658151422
30.109999999999999    -0.000561324545024     0.000530983044420
30.120000000000001    -0.000558269008517     0.000530303889268
30.129999999999999    -0.000555228308599     0.000529620736880
30.140000000000001    -0.000552202353381     0.000528933636926
30.149999999999999    -0.000549191130444     0.000528242656461
30.160000000000000    -0.000546194580183     0.000527547865023
30.170000000000002    -0.000543212573456     0.000526849289933
30.180000000000000    -0.000540245123921     0.000526146992035
30.190000000000001    -0.000537292122304     0.000525441016034
30.199999999999999    -0.000534353546253     0.000524731448853
30.210000000000001    -0.000531429324987     0.000524018288008
30.219999999999999    -0.000528519388967     0.000523301655193
30.230000000000000    -0.000525623699700     0.000522581546681
30.239999999999998    -0.000522742201304     0.000521858015870
30.250000000000000    -0.000519874837902     0.000521131137264
30.260000000000002    -0.000517021568515     0.000520400955567
30.270000000000000    -0.000514182303736     0.000519667505548
30.280000000000001    -0.000511357068400     0.000518930890275
30.289999999999999    -0.000508545743298     0.000518191083669
30.300000000000001    -0.000505748314770     0.000517448209907
30.309999999999999    -0.000502964734388     0.000516702293825
30.320000000000000    -0.000500194978559     0.000515953368950
30.329999999999998    -0.000497438980226     0.000515201518480
30.340000000000000    -0.000494696703380     0.000514446766008
30.350000000000001    -0.000491968123184     0.000513689210877
30.359999999999999    -0.000489253183759     0.000512928867986
30.370000000000001    -0.000486551851578     0.000512165821776
30.379999999999999    -0.000483864095597     0.000511400113226
30.390000000000001    -0.000481189877320     0.000510631818081
30.399999999999999    -0.000478529184331     0.000509860999674
30.410000000000000    -0.000475881963233     0.000509087697739
30.420000000000002    -0.000473248185466     0.000508312001685
30.430000000000000    -0.000470627828679     0.000507533984774
30.440000000000001    -0.000468020864310     0.000506753676809
30.449999999999999    -0.000465427255106     0.000505971209418
30.460000000000001    -0.000462846960090     0.000505186602469
30.469999999999999    -0.000460279975537     0.000504399995038
30.480000000000000    -0.000457726287786     0.000503611395818
30.489999999999998    -0.000455185816123     0.000502820956305
30.500000000000000    -0.000452658590351     0.000502028742312
30.510000000000002    -0.000450144529755     0.000501234823378
30.520000000000000    -0.000447643630609     0.000500439333612
30.530000000000001    -0.000445155844486     0.000499642335104
30.539999999999999    -0.000442681155241     0.000498843971898
30.550000000000001    -0.000440219514446     0.000498044316016
30.559999999999999    -0.000437770868706     0.000497243501569
30.570000000000000    -0.000435335179525     0.000496441641556
30.579999999999998    -0.000432912417102     0.000495638848979
30.590000000000000    -0.000430502498237     0.000494835250498
30.600000000000001    -0.000428105363328     0.000494030985189
30.609999999999999    -0.000425720975120     0.000493226172262
30.620000000000001    -0.000423349218129     0.000492420935895
30.629999999999999    -0.000420990046411     0.000491615432547
30.640000000000001    -0.000418643373042     0.000490809772738
30.649999999999999    -0.000416309061428     0.000490004126588
30.660000000000000    -0.000413987043272     0.000489198621998
30.670000000000002    -0.000411677181980     0.000488393375695
30.680000000000000    -0.000409379354617     0.000487588544142
30.690000000000001    -0.000407093412172     0.000486784245304
30.699999999999999    -0.000404819247854     0.000485980618261
30.710000000000001    -0.000402556664221     0.000485177794638
30.719999999999999    -0.000400305486185     0.000484375848942
30.730000000000000    -0.000398065568460     0.000483574942602
30.739999999999998    -0.000395836711122     0.000482775153849
30.750000000000000    -0.000393618701829     0.000481976549738
30.760000000000002    -0.000391411380394     0.000481179238302
30.770000000000000    -0.000389214481080     0.000480383272938
30.780000000000001    -0.000387027816380     0.000479588669789
30.789999999999999    -0.000384851171469     0.000478795528195
30.800000000000001    -0.000382684335247     0.000478003836980
30.809999999999999    -0.000380527039494     0.000477213570068
30.820000000000000    -0.000378379121538     0.000476424762228
30.829999999999998    -0.000376240335510     0.000475637356339
30.840000000000000    -0.000374110465344     0.000474851313906
30.850000000000001    -0.000371989307390     0.000474066580292
30.859999999999999    -0.000369876666692     0.000473283077265
30.870000000000001    -0.000367772364434     0.000472500700517
30.879999999999999    -0.000365676206904     0.000471719386719
30.890000000000001    -0.000363588063714     0.000470939011694
30.899999999999999    -0.000361507734942     0.000470159436364
30.910000000000000    -0.000359435133663     0.000469380537796
30.920000000000002    -0.000357370118317     0.000468602199262
30.930000000000000    -0.000355312593289     0.000467824258093
30.940000000000001    -0.000353262471653     0.000467046607496
30.949999999999999    -0.000351219670214     0.000466269063691
30.960000000000001    -0.000349184138057     0.000465491513677
30.969999999999999    -0.000347155836689     0.000464713822102
30.980000000000000    -0.000345134738790     0.000463935861064
30.989999999999998    -0.000343120825734     0.000463157491486
31.000000000000000    -0.000341114091313     0.000462378586707
31.010000000000002    -0.000339114536768     0.000461599048629
31.020000000000000    -0.000337122188177     0.000460818764252
31.030000000000001    -0.000335137070994     0.000460037629266
31.039999999999999    -0.000333159203227     0.000459255577858
31.050000000000001    -0.000331188634544     0.000458472509447
31.059999999999999    -0.000329225420206     0.000457688379327
31.070000000000000    -0.000327269571388     0.000456903108027
31.079999999999998    -0.000325321165078     0.000456116664502
31.090000000000000    -0.000323380239152     0.000455328996598
31.100000000000001    -0.000321446840795     0.000454540083205
31.109999999999999    -0.000319521031476     0.000453749875895
31.120000000000001    -0.000317602850930     0.000452958399502
31.129999999999999    -0.000315692338895     0.000452165605598
31.140000000000001    -0.000313789559941     0.000451371537645
31.149999999999999    -0.000311894560014     0.000450576152180
31.160000000000000    -0.000310007353394     0.000449779505084
31.170000000000002    -0.000308128009621     0.000448981580213
31.180000000000000    -0.000306256544836     0.000448182422271
31.190000000000001    -0.000304392991326     0.000447382031258
31.199999999999999    -0.000302537374547     0.000446580441943
31.210000000000001    -0.000300689726785     0.000445777712689
31.219999999999999    -0.000298850065425     0.000444973849705
31.230000000000000    -0.000297018408471     0.000444168890243
31.239999999999998    -0.000295194772689     0.000443362885217
31.250000000000000    -0.000293379149385     0.000442555869395
31.260000000000002    -0.000291571575191     0.000441747891207
31.270000000000000    -0.000289772038312     0.000440938969278
31.280000000000001    -0.000287980538125     0.000440129173147
31.289999999999999    -0.000286197067180     0.000439318525167
31.300000000000001    -0.000284421638517     0.000438507091150
31.309999999999999    -0.000282654229783     0.000437694894691
31.320000000000000    -0.000280894831664     0.000436881992909
31.329999999999998    -0.000279143434848     0.000436068413125
31.340000000000000    -0.000277400033126     0.000435254209975
31.350000000000001    -0.000275664601663     0.000434439433131
31.359999999999999    -0.000273937117486     0.000433624109910
31.370000000000001    -0.000272217570039     0.000432808273842
31.379999999999999    -0.000270505925175     0.000431991988254
31.390000000000001    -0.000268802178548     0.000431175271775
31.399999999999999    -0.000267106296629     0.000430358182767
31.410000000000000    -0.000265418247754     0.000429540751031
31.420000000000002    -0.000263738013296     0.000428723002646
31.430000000000000    -0.000262065561590     0.000427904981073
31.440000000000001    -0.000260400865318     0.000427086722323
31.449999999999999    -0.000258743894056     0.000426268262407
31.460000000000001    -0.000257094605585     0.000425449644787
31.469999999999999    -0.000255452994316     0.000424630874430
31.480000000000000    -0.000253819008096     0.000423812008458
31.489999999999998    -0.000252192623951     0.000422993070463
31.500000000000000    -0.000250573800283     0.000422174084039
31.510000000000002    -0.000248962513498     0.000421355072779
31.520000000000000    -0.000247358731931     0.000420536087597
31.530000000000001    -0.000245762411500     0.000419717142151
31.539999999999999    -0.000244173526127     0.000418898268727
31.550000000000001    -0.000242592028005     0.000418079477259
31.559999999999999    -0.000241017899749     0.000417260808726
31.570000000000000    -0.000239451102243     0.000416442285479
31.579999999999998    -0.000237891598235     0.000415623929870
31.590000000000000    -0.000236339346746     0.000414805760526
31.600000000000001    -0.000234794324804     0.000413987804764
31.609999999999999    -0.000233256488327     0.000413170088663
31.620000000000001    -0.000231725810615     0.000412352615948
31.629999999999999    -0.000230202240757     0.000411535428838
31.640000000000001    -0.000228685761989     0.000410718549685
31.649999999999999    -0.000227176333954     0.000409901974764
31.660000000000000    -0.000225673918157     0.000409085730152
31.670000000000002    -0.000224178474862     0.000408269833234
31.680000000000000    -0.000222689986063     0.000407454316295
31.690000000000001    -0.000221208402090     0.000406639192996
31.699999999999999    -0.000219733701211     0.000405824472027
31.710000000000001    -0.000218265835619     0.000405010165808
31.719999999999999    -0.000216804777995     0.000404196302897
31.730000000000000    -0.000215350493570     0.000403382894473
31.739999999999998    -0.000213902950989     0.000402569961643
31.750000000000000    -0.000212462119518     0.000401757504409
31.760000000000002    -0.000211027952902     0.000400945535188
31.770000000000000    -0.000209600425064     0.000400134091232
31.780000000000001    -0.000208179510858     0.000399323162609
31.789999999999999    -0.000206765164339     0.000398512777878
31.800000000000001    -0.000205357358498     0.000397702961874
31.809999999999999    -0.000203956049874     0.000396893683553
31.820000000000000    -0.000202561230395     0.000396084982653
31.829999999999998    -0.000201172853806     0.000395276885250
31.840000000000000    -0.000199790878818     0.000394469391343
31.850000000000001    -0.000198415290530     0.000393662495967
31.859999999999999    -0.000197046046100     0.000392856230164
31.870000000000001    -0.000195683120384     0.000392050607595
31.879999999999999    -0.000194326476128     0.000391245618325
31.890000000000001    -0.000192976087255     0.000390441279739
31.899999999999999    -0.000191631921170     0.000389637624123
31.910000000000000    -0.000190293945896     0.000388834629125
31.920000000000002    -0.000188962125422     0.000388032327030
31.930000000000000    -0.000187636444227     0.000387230715357
31.940000000000001    -0.000186316859780     0.000386429806521
31.949999999999999    -0.000185003343831     0.000385629606732
31.960000000000001    -0.000183695880857     0.000384830153243
31.969999999999999    -0.000182394416843     0.000384031397624
31.980000000000000    -0.000181098942164     0.000383233394515
31.989999999999998    -0.000179809413359     0.000382436137705
32.000000000000000    -0.000178525816769     0.000381639633403