#============================================================================================
#ANSOFT                                                                              01/15/20
#Slot TF - 10 slots at spacing 7.753mm and an array input impedance 435 Ohms         12:41:36
#
#--------------------------------------------------------------------------------------------
#        Freq [GHz]            osVre []             osVim []
#                          Phase='0deg'         Phase='0deg'
24.000000000000000   0.001102426041733    0.002247001893791
24.010000000000002   0.001112333255768    0.002257552283227
24.020000000000000   0.001122532903673    0.002268253190801
24.030000000000001   0.001133035318375    0.002279100358479
24.039999999999999   0.001143870980161    0.002290099420748
24.050000000000001   0.001154989184992    0.002301192324725
24.059999999999999   0.001166447485476    0.002312451544951
24.070000000000000   0.001178266224604    0.002323829742346
24.079999999999998   0.001190450834647    0.002335346804629
24.090000000000000   0.001202986315449    0.002346957423728
24.100000000000001   0.001215905296528    0.002358685071575
24.109999999999999   0.001229191614735    0.002370486907331
24.120000000000001   0.001242881482866    0.002382391042495
24.129999999999999   0.001256976480655    0.002394378015231
24.140000000000001   0.001271540294207    0.002406439010149
24.149999999999999   0.001286470883328    0.002418575283995
24.160000000000000   0.001301805664003    0.002430807181032
24.170000000000002   0.001317607404875    0.002442983602314
24.180000000000000   0.001333878008964    0.002455254252874
24.190000000000001   0.001350622309434    0.002467573651281
24.199999999999999   0.001367825325386    0.002479890244124
24.210000000000001   0.001385519943818    0.002492194497407
24.219999999999999   0.001403669992214    0.002504512927314
24.230000000000000   0.001422399950350    0.002516845687725
24.239999999999998   0.001441615577952    0.002529097547290
24.250000000000000   0.001461335243522    0.002541333464535
24.260000000000002   0.001481588399576    0.002553522107541
24.270000000000000   0.001502368800410    0.002565654255345
24.280000000000001   0.001523798816969    0.002577710348797
24.289999999999999   0.001545719657895    0.002589644229531
24.300000000000001   0.001568253555577    0.002601473466205
24.309999999999999   0.001591319413306    0.002613068458444
24.320000000000000   0.001614992753361    0.002624778376615
24.329999999999998   0.001639200564791    0.002636193056292
24.340000000000000   0.001664131241961    0.002647459080579
24.350000000000001   0.001689700151548    0.002658411852295
24.359999999999999   0.001715847899646    0.002669235621262
24.370000000000001   0.001742635552440    0.002679825346150
24.379999999999999   0.001770071850726    0.002690160421059
24.390000000000001   0.001798165614877    0.002700218894354
24.399999999999999   0.001826916306510    0.002709916651265
24.410000000000000   0.001856394491028    0.002719479274644
24.420000000000002   0.001886392840865    0.002728509929795
24.430000000000000   0.001917278464795    0.002737181322586
24.440000000000001   0.001948829742524    0.002745592788517
24.449999999999999   0.001980980196750    0.002753422677856
24.460000000000001   0.002013890705637    0.002760853209422
24.469999999999999   0.002047514222301    0.002767796207173
24.480000000000000   0.002081855144065    0.002774220035554
24.489999999999998   0.002116906749027    0.002780040217268
24.500000000000000   0.002152761020738    0.002785405367039
24.510000000000002   0.002189212217050    0.002790041104807
24.520000000000000   0.002226447307530    0.002794045811644
24.530000000000001   0.002264406291728    0.002797353338426
24.539999999999999   0.002303086765298    0.002799923889023
24.550000000000001   0.002342505825606    0.002801713268313
24.559999999999999   0.002382634099139    0.002802722633112
24.570000000000000   0.002423376512409    0.002802792834291
24.579999999999998   0.002464914294433    0.002801991275979
24.590000000000000   0.002507103376019    0.002800231354331
24.600000000000001   0.002549906604178    0.002797429936582
24.609999999999999   0.002593466564872    0.002793648520495
24.620000000000001   0.002637603616028    0.002788726432434
24.629999999999999   0.002682348040612    0.002782649233100
24.640000000000001   0.002727676090456    0.002775290313228
24.649999999999999   0.002773550643337    0.002766820838107
24.660000000000000   0.002819945760933    0.002756963552118
24.670000000000002   0.002866847210651    0.002745764565133
24.680000000000000   0.002914137337712    0.002733094854770
24.690000000000001   0.002961879654396    0.002718979355920
24.699999999999999   0.003009900321842    0.002703330649752
24.710000000000001   0.003058242740300    0.002686105616983
24.719999999999999   0.003106814862776    0.002667250036735
24.730000000000000   0.003155551944719    0.002646714380995
24.739999999999998   0.003204384502161    0.002624450992237
24.750000000000000   0.003253237725071    0.002600414729193
24.760000000000002   0.003302031658614    0.002574563221321
24.770000000000000   0.003350681428314    0.002546857673230
24.780000000000001   0.003399096375256    0.002517263113144
24.789999999999999   0.003447181534579    0.002485749417004
24.800000000000001   0.003494836579215    0.002452291151139
24.809999999999999   0.003541956816677    0.002416869034104
24.820000000000000   0.003588433038605    0.002379469684269
24.829999999999998   0.003634152048039    0.002340086998509
24.840000000000000   0.003678997208373    0.002298722139069
24.850000000000001   0.003722848591721    0.002255384352100
24.859999999999999   0.003765584043054    0.002210091480097
24.870000000000001   0.003807080137972    0.002162870606290
24.879999999999999   0.003847211661153    0.002113758036622
24.890000000000001   0.003885853578936    0.002062800072088
24.899999999999999   0.003922882103584    0.002010052881989
24.910000000000000   0.003958174042225    0.001955583616723
24.920000000000002   0.003991609981399    0.001899469132349
24.930000000000000   0.004023073788178    0.001841796965721
24.940000000000001   0.004052454129923    0.001782664921875
24.949999999999999   0.004079645531036    0.001722180763374
24.960000000000001   0.004104549693952    0.001660461801927
24.969999999999999   0.004127076326652    0.001597634421637
24.980000000000000   0.004147143814392    0.001533833365970
24.989999999999998   0.004164680717343    0.001469200936830
25.000000000000000   0.004179625939416    0.001403886287247
25.010000000000002   0.004191930296507    0.001338044129724
25.020000000000000   0.004201566845065    0.001271843143571
25.030000000000001   0.004208488366697    0.001205375194546
25.039999999999999   0.004212705449577    0.001138996805082
25.050000000000001   0.004214188184100    0.001072630858041
25.059999999999999   0.004212987940650    0.001006590388508
25.070000000000000   0.004209117878427    0.000941003878663
25.079999999999998   0.004202619265994    0.000876031818298
25.090000000000000   0.004193545480820    0.000811830351176
25.100000000000001   0.004181961961839    0.000748550099105
25.109999999999999   0.004167944869797    0.000686335084082
25.120000000000001   0.004151581873974    0.000625321706043
25.129999999999999   0.004132969575236    0.000565637786622
25.140000000000001   0.004112285843636    0.000507456931042
25.149999999999999   0.004089425246483    0.000450722678819
25.160000000000000   0.004064725146619    0.000395698299135
25.170000000000002   0.004038237861829    0.000342416082783
25.180000000000000   0.004010123844790    0.000290950315734
25.190000000000001   0.003980418568443    0.000241372053396
25.199999999999999   0.003949352252908    0.000193729249610
25.210000000000001   0.003917027320962    0.000148066836570
25.219999999999999   0.003883563600166    0.000104394297914
25.230000000000000   0.003849138139350    0.000062801461180
25.239999999999998   0.003813838780443    0.000023232024316
25.250000000000000   0.003777808632930   -0.000014289026931
25.260000000000002   0.003741173161965   -0.000049768310603
25.270000000000000   0.003704053331403   -0.000083220749515
25.280000000000001   0.003666565751831   -0.000114668934373
25.289999999999999   0.003628821589275   -0.000144142452296
25.300000000000001   0.003590927387503   -0.000171677200760
25.309999999999999   0.003552983233184   -0.000197314738562
25.320000000000000   0.003515083671976   -0.000221101581190
25.329999999999998   0.003477316781059   -0.000243088561706
25.340000000000000   0.003439765163282   -0.000263330212910
25.350000000000001   0.003402505219612   -0.000281884126663
25.359999999999999   0.003365606500624   -0.000298810391164
25.370000000000001   0.003329133475711   -0.000314171095320
25.379999999999999   0.003293062695751   -0.000327968316473
25.390000000000001   0.003257691211395   -0.000340450785929
25.399999999999999   0.003222874217638   -0.000351439401950
25.410000000000000   0.003188631281799   -0.000361221769083
25.420000000000002   0.003154994324893   -0.000369739819082
25.430000000000000   0.003122104981894   -0.000377061349485
25.440000000000001   0.003089936536281   -0.000383269049015
25.449999999999999   0.003058511843801   -0.000388425730349
25.460000000000001   0.003027849692201   -0.000392592963723
25.469999999999999   0.002997971706286   -0.000395807512110
25.480000000000000   0.002968902764809   -0.000398187355320
25.489999999999998   0.002940572175062   -0.000399751579331
25.500000000000000   0.002913076980350   -0.000400546331334
25.510000000000002   0.002886386770511   -0.000400635656659
25.520000000000000   0.002860501421324   -0.000400070791867
25.530000000000001   0.002835418152121   -0.000398901060313
25.539999999999999   0.002811132404267   -0.000397173698227
25.550000000000001   0.002787637351436   -0.000394933937608
25.559999999999999   0.002764924503584   -0.000392224912362
25.570000000000000   0.002742983568054   -0.000389087706689
25.579999999999998   0.002721803309430   -0.000385561369207
25.590000000000000   0.002701370715521   -0.000381682887147
25.600000000000001   0.002681671865154   -0.000377487284217
25.609999999999999   0.002662691665740   -0.000373007522139
25.620000000000001   0.002644414458876   -0.000368274678698
25.629999999999999   0.002626823526258   -0.000363317854888
25.640000000000001   0.002609901787565   -0.000358164304428
25.649999999999999   0.002593631266555   -0.000352839402874
25.660000000000000   0.002577994020618   -0.000347366737561
25.670000000000002   0.002562971337775   -0.000341768104757
25.680000000000000   0.002548544501447   -0.000336063595265
25.690000000000001   0.002534694809780   -0.000330271600930
25.699999999999999   0.002521402932374   -0.000324408894214
25.710000000000001   0.002508650217425   -0.000318490613736
25.719999999999999   0.002496417521743   -0.000312530340929
25.730000000000000   0.002484686184954   -0.000306540182441
25.739999999999998   0.002473437599358   -0.000300530750015
25.750000000000000   0.002462653364608   -0.000294511235022
25.760000000000002   0.002452315780131   -0.000288489448808
25.770000000000000   0.002442407121328   -0.000282471862338
25.780000000000001   0.002432910348025   -0.000276463665230
25.789999999999999   0.002423808908727   -0.000270468769843
25.800000000000001   0.002415086626880   -0.000264489955956
25.809999999999999   0.002406728257610   -0.000258528789289
25.820000000000000   0.002398719195687   -0.000252585765936
25.829999999999998   0.002391045242577   -0.000246660320574
25.840000000000000   0.002383693302257   -0.000240750902635
25.850000000000001   0.002376650961903   -0.000234855022731
25.859999999999999   0.002369906741152   -0.000228969254793
25.870000000000001   0.002363450049528   -0.000223089404647
25.879999999999999   0.002357315084766   -0.000217413884940
25.890000000000001   0.002351361953844   -0.000211326794867
25.899999999999999   0.002345714526719   -0.000205432026090
25.910000000000000   0.002340322343855   -0.000199519289960
25.920000000000002   0.002335180414096   -0.000193581206466
25.930000000000000   0.002330284444179   -0.000187609991713
25.940000000000001   0.002325639406482   -0.000181684776378
25.949999999999999   0.002321219885252   -0.000175535390975
25.960000000000001   0.002317049144683   -0.000169415102973
25.969999999999999   0.002313160354097   -0.000163350809443
25.980000000000000   0.002309434149335   -0.000156965532587
25.989999999999998   0.002305995637809   -0.000150619148197
26.000000000000000   0.002302808340270   -0.000144180549382
26.010000000000002   0.002299878332879   -0.000137641736777
26.020000000000000   0.002297212776280   -0.000130995079082
26.030000000000001   0.002294819715920   -0.000124233418891
26.039999999999999   0.002292708722269   -0.000117350178375
26.050000000000001   0.002290890461072   -0.000110339433347
26.059999999999999   0.002289376709890   -0.000103196022365
26.070000000000000   0.002288180339752   -0.000095915621163
26.079999999999998   0.002287315084221   -0.000088494828991
26.090000000000000   0.002286795744555   -0.000080931245663
26.100000000000001   0.002286638296659   -0.000073223559909
26.109999999999999   0.002286859017555   -0.000065371609218
26.120000000000001   0.002287475422440   -0.000057376465744
26.129999999999999   0.002288505353802   -0.000049240473396
26.140000000000001   0.002289967507837   -0.000040967336662
26.149999999999999   0.002291881137518   -0.000032562156296
26.160000000000000   0.002294265655762   -0.000024031479048
26.170000000000002   0.002297141218242   -0.000015383340448
26.180000000000000   0.002300527611073   -0.000006627313062
26.190000000000001   0.002304445539529    0.000002225476732
26.199999999999999   0.002308915196589    0.000011162308288
26.210000000000001   0.002313957203018    0.000020168853451
26.219999999999999   0.002319591586297    0.000029229149902
26.230000000000000   0.002325838426608    0.000038325594225
26.239999999999998   0.002332717658926    0.000047438931653
26.250000000000000   0.002340248449192    0.000056548243920
26.260000000000002   0.002348449732536    0.000065630955764
26.270000000000000   0.002357339723981    0.000074662831370
26.280000000000001   0.002366935929078    0.000083617984214
26.289999999999999   0.002377255287019    0.000092468868604
26.300000000000001   0.002388313391262    0.000101186315651
26.309999999999999   0.002400125592822    0.000109739527930
26.320000000000000   0.002412705268743    0.000118096101104
26.329999999999998   0.002426065284167    0.000126222033378
26.340000000000000   0.002440217078354    0.000134081764928
26.350000000000001   0.002455170468323    0.000141638188805
26.359999999999999   0.002470934216922    0.000148852680358
26.370000000000001   0.002487463142414    0.000155648788269
26.379999999999999   0.002504917954518    0.000162093999979
26.390000000000001   0.002523146834388    0.000168036298695
26.399999999999999   0.002542202724893    0.000173467715700
26.410000000000000   0.002562085109426    0.000178342605076
26.420000000000002   0.002582791247624    0.000182614076491
26.430000000000000   0.002604316119075    0.000186234046800
26.440000000000001   0.002626651937538    0.000189153325840
26.449999999999999   0.002649788590755    0.000191321697702
26.460000000000001   0.002673713260039    0.000192688012696
26.469999999999999   0.002698410211830    0.000193200289128
26.480000000000000   0.002723860523850    0.000192805864449
26.489999999999998   0.002750042498385    0.000191451495741
26.500000000000000   0.002776930705050    0.000189083537527
26.510000000000002   0.002804496534029    0.000185648101933
26.520000000000000   0.002832707594380    0.000181091238326
26.530000000000001   0.002861528059399    0.000175359154811
26.539999999999999   0.002890917801791    0.000168398461021
26.550000000000001   0.002920833040474    0.000160156360381
26.559999999999999   0.002951232800018    0.000150548118446
26.570000000000000   0.002982044405007    0.000139621681914
26.579999999999998   0.003013231777497    0.000127229267883
26.590000000000000   0.003044727422749    0.000113356441317
26.600000000000001   0.003076466265227    0.000097958103872
26.609999999999999   0.003108378824503    0.000080991756752
26.620000000000001   0.003140391275967    0.000062417872676
26.629999999999999   0.003172425818981    0.000042200335844
26.640000000000001   0.003204399879499    0.000020306858123
26.649999999999999   0.003236227460501   -0.000003290583404
26.660000000000000   0.003267818439318   -0.000028615304752
26.670000000000002   0.003299079112972   -0.000055685469373
26.680000000000000   0.003329912421758   -0.000084513647941
26.690000000000001   0.003360218550750   -0.000115106403039
26.699999999999999   0.003389894892088   -0.000147463850250
26.710000000000001   0.003418836801509   -0.000181579305025
26.719999999999999   0.003446938179977   -0.000217438894980
26.730000000000000   0.003474091502087   -0.000255021241355
26.739999999999998   0.003500189126789   -0.000294297253592
26.750000000000000   0.003525123503509   -0.000335229792583
26.760000000000002   0.003548787929176   -0.000377773631728
26.770000000000000   0.003571077117669   -0.000421875302361
26.780000000000001   0.003591888629550   -0.000467473082917
26.789999999999999   0.003611123059616   -0.000514497096545
26.800000000000001   0.003628684102498   -0.000562869487042
26.809999999999999   0.003644481518013   -0.000612504527603
26.820000000000000   0.003658429693086   -0.000663309122762
26.829999999999998   0.003670448844351   -0.000715183099089
26.840000000000000   0.003680466883474   -0.000768019709898
26.850000000000001   0.003688419118080   -0.000821706339353
26.859999999999999   0.003694248746261   -0.000876124958412
26.870000000000001   0.003697907688278   -0.000931153074004
26.879999999999999   0.003699356768395   -0.000986664292459
26.890000000000001   0.003698566981998   -0.001042529472061
26.899999999999999   0.003695518759073   -0.001098617302526
26.910000000000000   0.003690201757629   -0.001154795407537
26.920000000000002   0.003682616643234   -0.001210931060603
26.930000000000000   0.003672773391795   -0.001266892381740
26.940000000000001   0.003660691838426   -0.001322548978414
26.949999999999999   0.003646401803066   -0.001377773188329
26.960000000000001   0.003629941415143   -0.001432440611429
26.969999999999999   0.003611358665249   -0.001486430835157
26.980000000000000   0.003590708996389   -0.001539628571585
26.989999999999998   0.003568056174046   -0.001591924109412
27.000000000000000   0.003543470524834   -0.001643213845491
27.010000000000002   0.003517029153543   -0.001693400828936
27.020000000000000   0.003488814498743   -0.001742395178072
27.030000000000001   0.003458914026202   -0.001790114769685
27.039999999999999   0.003427419443205   -0.001836484782763
27.050000000000001   0.003394425976641   -0.001881438594994
27.059999999999999   0.003360030945387   -0.001924917264127
27.070000000000000   0.003324333956134   -0.001966870234385
27.079999999999998   0.003287435842727   -0.002007254438147
27.090000000000000   0.003249437428034   -0.002046034587578
27.100000000000001   0.003210439736392   -0.002083183223654
27.109999999999999   0.003170543017407   -0.002118679950114
27.120000000000001   0.003129845831450   -0.002152511442091
27.129999999999999   0.003088445275981   -0.002184670875273
27.140000000000001   0.003046435839474   -0.002215157917328
27.149999999999999   0.003003909455649   -0.002243977774936
27.160000000000000   0.002960955004568   -0.002271141417628
27.170000000000002   0.002917658215768   -0.002296664639315
27.180000000000000   0.002874100848873   -0.002320567805212
27.190000000000001   0.002830361305645   -0.002342875419070
27.199999999999999   0.002786513737114   -0.002363615720879
27.210000000000001   0.002742628698560   -0.002382820055736
27.219999999999999   0.002698772211397   -0.002400522898412
27.230000000000000   0.002655006865597   -0.002416760927802
27.239999999999998   0.002611390499920   -0.002431573153757
27.250000000000000   0.002567977501106   -0.002445000073022
27.260000000000002   0.002524817859502   -0.002457083763923
27.270000000000000   0.002481957943753   -0.002467867219501
27.280000000000001   0.002439440266282   -0.002477394587108
27.289999999999999   0.002397303871846   -0.002485710108290
27.300000000000001   0.002355583920196   -0.002492858533915
27.309999999999999   0.002314312496132   -0.002498884676370
27.320000000000000   0.002273518426503   -0.002503833261435
27.329999999999998   0.002233227182917   -0.002507748555075
27.340000000000000   0.002193461906478   -0.002510674600694
27.350000000000001   0.002154242538286   -0.002512654714581
27.359999999999999   0.002115586505474   -0.002513731429016
27.370000000000001   0.002077508810012   -0.002513946554789
27.379999999999999   0.002040022391906   -0.002513340904974
27.390000000000001   0.002003137788368   -0.002511954610040
27.399999999999999   0.001966863712295   -0.002509826470503
27.410000000000000   0.001931207058001   -0.002506994205039
27.420000000000002   0.001896172834454   -0.002503494516792
27.430000000000000   0.001861764868442   -0.002499363068025
27.440000000000001   0.001827985125486   -0.002494634120571
27.449999999999999   0.001794834672625   -0.002489341041970
27.460000000000001   0.001762313017716   -0.002483515648076
27.469999999999999   0.001730418745999   -0.002477189159791
27.480000000000000   0.001699149602981   -0.002470391006324
27.489999999999998   0.001668502157898   -0.002463149927132
27.500000000000000   0.001638472357957   -0.002455493441503
27.510000000000002   0.001609055272726   -0.002447447756030
27.520000000000000   0.001580245369898   -0.002439038295470
27.530000000000001   0.001552036736152   -0.002430289283019
27.539999999999999   0.001524422618169   -0.002421223844425
27.550000000000001   0.001497396172825   -0.002411864195922
27.559999999999999   0.001470949832568   -0.002402231688134
27.570000000000000   0.001445075919548   -0.002392346579055
27.579999999999998   0.001419766294869   -0.002382228362211
27.590000000000000   0.001395012653279   -0.002371895647367
27.600000000000001   0.001370806487597   -0.002361365865547
27.609999999999999   0.001347139074957   -0.002350656251347
27.620000000000001   0.001324001559517   -0.002339782990689
27.629999999999999   0.001301384987439   -0.002328761196615
27.640000000000001   0.001279280310031   -0.002317605754346
27.649999999999999   0.001257678250724   -0.002306330779854
27.660000000000000   0.001236569844755   -0.002294949358473
27.670000000000002   0.001215945783547   -0.002283474495091
27.680000000000000   0.001195796840346   -0.002271918389523
27.690000000000001   0.001176113871536   -0.002260292426575
27.699999999999999   0.001156887554617   -0.002248607737305
27.710000000000001   0.001138108756167   -0.002236874950401
27.719999999999999   0.001119768361603   -0.002225103854502
27.730000000000000   0.001101836336006   -0.002213308292839
27.739999999999998   0.001084366619558   -0.002201484971984
27.750000000000000   0.001067287138767   -0.002189654904295
27.760000000000002   0.001050610033529   -0.002177822136791
27.770000000000000   0.001034326466401   -0.002165994652702
27.780000000000001   0.001018427665552   -0.002154179859782
27.789999999999999   0.001002904819161   -0.002142384740140
27.800000000000001   0.000987749447807   -0.002130616188095
27.809999999999999   0.000972952802779   -0.002118880559561
27.820000000000000   0.000958506609701   -0.002107183838288
27.829999999999998   0.000944402368891   -0.002095531972506
27.840000000000000   0.000930631681525   -0.002083930239735
27.850000000000001   0.000917186477340   -0.002072383833501
27.859999999999999   0.000904058450597   -0.002060897703276
27.870000000000001   0.000891239615224   -0.002049476411299
27.879999999999999   0.000878721973620   -0.002038124364196
27.890000000000001   0.000866497501260   -0.002026845471863
27.899999999999999   0.000854558523354   -0.002015643708440
27.910000000000000   0.000842897154970   -0.002004522662578
27.920000000000002   0.000831505800578   -0.001993485600814
27.930000000000000   0.000820376858644   -0.001982535660207
27.940000000000001   0.000809502928115   -0.001971675635871
27.949999999999999   0.000798876496405   -0.001960908485726
27.960000000000001   0.000788490225889   -0.001950236282434
27.969999999999999   0.000778336932426   -0.001939661423305
27.980000000000000   0.000768409484706   -0.001929185885237
27.989999999999998   0.000758700812782   -0.001918811516133
28.000000000000000   0.000749203972316   -0.001908539760689