   0    1 3.83170597
   0    2 7.01558667
   0    3 10.17346814
   0    4 13.32369194
   0    5 16.47063005
   0    6 19.61585851
   0    7 22.76008438
   0    8 25.90367209
   0    9 29.04682853
   0   10 32.18967991
   0   11 35.33230755
   0   12 38.47476623
   0   13 41.61709421
   0   14 44.75931900
   0   15 47.90146089
   0   16 51.04353518
   0   17 54.18555364
   0   18 57.32752544
   0   19 60.46945785
   0   20 63.61135670
   0   21 66.75322673
   0   22 69.89507184
   0   23 73.03689523
   0   24 76.17869958
   0   25 79.32048718
   0   26 82.46225991
   0   27 85.60401944
   0   28 88.74576714
   0   29 91.88750425
   0   30 95.02923181
   0   31 98.17095073
   0   32 101.31266182
   0   33 104.45436579
   0   34 107.59606326
   0   35 110.73775478
   0   36 113.87944085
   0   37 117.02112190
   0   38 120.16279833
   0   39 123.30447049
   0   40 126.44613870
   0   41 129.58780325
   0   42 132.72946439
   0   43 135.87112236
   0   44 139.01277739
   0   45 142.15442966
   0   46 145.29607935
   0   47 148.43772662
   0   48 151.57937163
   0   49 154.72101452
   0   50 157.86265540
   1    1 1.84118378
   1    2 5.33144277
   1    3 8.53631637
   1    4 11.70600490
   1    5 14.86358863
   1    6 18.01552786
   1    7 21.16436986
   1    8 24.31132686
   1    9 27.45705057
   1   10 30.60192297
   1   11 33.74618290
   1   12 36.88998741
   1   13 40.03344405
   1   14 43.17662897
   1   15 46.31959756
   1   16 49.46239114
   1   17 52.60504111
   1   18 55.74757179
   1   19 58.89000230
   1   20 62.03234787
   1   21 65.17462080
   1   22 68.31683113
   1   23 71.45898711
   1   24 74.60109561
   1   25 77.74316241
   1   26 80.88519235
   1   27 84.02718959
   1   28 87.16915764
   1   29 90.31109957
   1   30 93.45301801
   1   31 96.59491525
   1   32 99.73679330
   1   33 102.87865391
   1   34 106.02049864
   1   35 109.16232885
   1   36 112.30414577
   1   37 115.44595048
   1   38 118.58774396
   1   39 121.72952706
   1   40 124.87130058
   1   41 128.01306522
   1   42 131.15482162
   1   43 134.29657036
   1   44 137.43831196
   1   45 140.58004691
   1   46 143.72177563
   1   47 146.86349853
   1   48 150.00521597
   1   49 153.14692830
   1   50 156.28863581
   2    1 3.05423693
   2    2 6.70613319
   2    3 9.96946782
   2    4 13.17037086
   2    5 16.34752232
   2    6 19.51291278
   2    7 22.67158177
   2    8 25.82603714
   2    9 28.97767277
   2   10 32.12732702
   2   11 35.27553505
   2   12 38.42265482
   2   13 41.56893494
   2   14 44.71455353
   2   15 47.85964161
   2   16 51.00429767
   2   17 54.14859724
   2   18 57.29259919
   2   19 60.43635008
   2   20 63.57988724
   2   21 66.72324095
   2   22 69.86643601
   2   23 73.00949296
   2   24 76.15242892
   2   25 79.29525830
   2   26 82.43799331
   2   27 85.58064435
   2   28 88.72322036
   2   29 91.86572905
   2   30 95.00817710
   2   31 98.15057035
   2   32 101.29291390
   2   33 104.43521224
   2   34 107.57746933
   2   35 110.71968869
   2   36 113.86187345
   2   37 117.00402639
   2   38 120.14615001
   2   39 123.28824656
   2   40 126.43031806
   2   41 129.57236632
   2   42 132.71439301
   2   43 135.85639961
   2   44 138.99838749
   2   45 142.14035790
   2   46 145.28231196
   2   47 148.42425071
   2   48 151.56617512
   2   49 154.70808604
   2   50 157.84998430
   3    1 4.20118894
   3    2 8.01523660
   3    3 11.34592431
   3    4 14.58584829
   3    5 17.78874787
   3    6 20.97247694
   3    7 24.14489743
   3    8 27.31005793
   3    9 30.47026881
   3   10 33.62694918
   3   11 36.78102068
   3   12 39.93310862
   3   13 43.08365266
   3   14 46.23297108
   3   15 49.38130009
   3   16 52.52881874
   3   17 55.67566523
   3   18 58.82194800
   3   19 61.96775330
   3   20 65.11315060
   3   21 68.25819654
   3   22 71.40293768
   3   23 74.54741272
   3   24 77.69165407
   3   25 80.83568905
   3   26 83.97954092
   3   27 87.12322953
   3   28 90.26677197
   3   29 93.41018304
   3   30 96.55347558
   3   31 99.69666083
   3   32 102.83974863
   3   33 105.98274768
   3   34 109.12566565
   3   35 112.26850936
   3   36 115.41128489
   3   37 118.55399765
   3   38 121.69665253
   3   39 124.83925389
   3   40 127.98180569
   3   41 131.12431149
   3   42 134.26677452
   3   43 137.40919772
   3   44 140.55158376
   3   45 143.69393509
   3   46 146.83625393
   3   47 149.97854233
   3   48 153.12080216
   3   49 156.26303515
   3   50 159.40524288
   4    1 5.31755313
   4    2 9.28239629
   4    3 12.68190844
   4    4 15.96410704
   4    5 19.19602880
   4    6 22.40103227
   4    7 25.58975968
   4    8 28.76783622
   4    9 31.93853934
   4   10 35.10391668
   4   11 38.26531699
   4   12 41.42366650
   4   13 44.57962314
   4   14 47.73366752
   4   15 50.88615915
   4   16 54.03737242
   4   17 57.18752046
   4   18 60.33677140
   4   19 63.48525967
   4   20 66.63309405
   4   21 69.78036353
   4   22 72.92714162
   4   23 76.07348960
   4   24 79.21945893
   4   25 82.36509317
   4   26 85.51042944
   4   27 88.65549957
   4   28 91.80033100
   4   29 94.94494751
   4   30 98.08936983
   4   31 101.23361611
   4   32 104.37770230
   4   33 107.52164246
   4   34 110.66544908
   4   35 113.80913324
   4   36 116.95270484
   4   37 120.09617273
   4   38 123.23954486
   4   39 126.38282839
   4   40 129.52602978
   4   41 132.66915487
   4   42 135.81220898
   4   43 138.95519692
   4   44 142.09812309
   4   45 145.24099151
   4   46 148.38380585
   4   47 151.52656948
   4   48 154.66928549
   4   49 157.81195673
   4   50 160.95458583
   5    1 6.41561638
   5    2 10.51986087
   5    3 13.98718863
   5    4 17.31284249
   5    5 20.57551452
   5    6 23.80358148
   5    7 27.01030790
   5    8 30.20284908
   5    9 33.38544390
   5   10 36.56077769
   5   11 39.73064023
   5   12 42.89627316
   5   13 46.05856627
   5   14 49.21817461
   5   15 52.37559153
   5   16 55.53119588
   5   17 58.68528359
   5   18 61.83808923
   5   19 64.98980119
   5   20 68.14057257
   5   21 71.29052908
   5   22 74.43977491
   5   23 77.58839718
   5   24 80.73646930
   5   25 83.88405355
   5   26 87.03120316
   5   27 90.17796384
   5   28 93.32437513
   5   29 96.47047134
   5   30 99.61628246
   5   31 102.76183477
   5   32 105.90715140
   5   33 109.05225282
   5   34 112.19715718
   5   35 115.34188065
   5   36 118.48643767
   5   37 121.63084118
   5   38 124.77510283
   5   39 127.91923309
   5   40 131.06324144
   5   41 134.20713647
   5   42 137.35092598
   5   43 140.49461707
   5   44 143.63821620
   5   45 146.78172930
   5   46 149.92516179
   5   47 153.06851864
   5   48 156.21180443
   5   49 159.35502337
   5   50 162.49817934
   6    1 7.50126614
   6    2 11.73493595
   6    3 15.26818146
   6    4 18.63744301
   6    5 21.93171502
   6    6 25.18392560
   6    7 28.40977636
   6    8 31.61787572
   6    9 34.81339298
   6   10 37.99964090
   6   11 41.17884947
   6   12 44.35257920
   6   13 47.52195691
   6   14 50.68781778
   6   15 53.85079464
   6   16 57.01137608
   6   17 60.16994561
   6   18 63.32680859
   6   19 66.48221126
   6   20 69.63635446
   6   21 72.78940366
   6   22 75.94149646
   6   23 79.09274823
   6   24 82.24325646
   6   25 85.39310406
   6   26 88.54236204
   6   27 91.69109156
   6   28 94.83934557
   6   29 97.98717018
   6   30 101.13460569
   6   31 104.28168751
   6   32 107.42844688
   6   33 110.57491145
   6   34 113.72110579
   6   35 116.86705181
   6   36 120.01276912
   6   37 123.15827530
   6   38 126.30358618
   6   39 129.44871605
   6   40 132.59367782
   6   41 135.73848322
   6   42 138.88314289
   6   43 142.02766654
   6   44 145.17206303
   6   45 148.31634048
   6   46 151.46050631
   6   47 154.60456734
   6   48 157.74852986
   6   49 160.89239965
   6   50 164.03618206
   7    1 8.57783649
   7    2 12.93238624
   7    3 16.52936588
   7    4 19.94185337
   7    5 23.26805293
   7    6 26.54503206
   7    7 29.79074858
   7    8 33.01517864
   7    9 36.22438055
   7   10 39.42227458
   7   11 42.61152217
   7   12 45.79399966
   7   13 48.97107095
   7   14 52.14375297
   7   15 55.31282033
   7   16 58.47887403
   7   17 61.64238785
   7   18 64.80374053
   7   19 67.96323864
   7   20 71.12113304
   7   21 74.27763106
   7   22 77.43290562
   7   23 80.58710208
   7   24 83.74034356
   7   25 86.89273506
   7   26 90.04436665
   7   27 93.19531609
   7   28 96.34565085
   7   29 99.49542974
   7   30 102.64470429
   7   31 105.79351984
   7   32 108.94191644
   7   33 112.08992959
   7   34 115.23759089
   7   35 118.38492855
   7   36 121.53196784
   7   37 124.67873146
   7   38 127.82523986
   7   39 130.97151151
   7   40 134.11756314
   7   41 137.26340993
   7   42 140.40906571
   7   43 143.55454307
   7   44 146.69985354
   7   45 149.84500765
   7   46 152.99001507
   7   47 156.13488470
   7   48 159.27962473
   7   49 162.42424269
   7   50 165.56874557
   8    1 9.64742165
   8    2 14.11551891
   8    3 17.77401237
   8    4 21.22906262
   8    5 24.58719749
   8    6 27.88926943
   8    7 31.15532656
   8    8 34.39662855
   8    9 37.62007804
   8   10 40.83017868
   8   11 44.03001034
   8   12 47.22175847
   8   13 50.40702097
   8   14 53.58699544
   8   15 56.76259848
   8   16 59.93454431
   8   17 63.10339820
   8   18 66.26961367
   8   19 69.43355902
   8   20 72.59553655
   8   21 75.75579686
   8   22 78.91454945
   8   23 82.07197091
   8   24 85.22821114
   8   25 88.38339823
   8   26 91.53764234
   8   27 94.69103869
   8   28 97.84367007
   8   29 100.99560878
   8   30 104.14691826
   8   31 107.29765441
   8   32 110.44786667
   8   33 113.59759895
   8   34 116.74689035
   8   35 119.89577586
   8   36 123.04428682
   8   37 126.19245144
   8   38 129.34029514
   8   39 132.48784093
   8   40 135.63510964
   8   41 138.78212022
   8   42 141.92888993
   8   43 145.07543449
   8   44 148.22176832
   8   45 151.36790460
   8   46 154.51385546
   8   47 157.65963202
   8   48 160.80524457
   8   49 163.95070256
   8   50 167.09601476
   9    1 10.71143397
   9    2 15.28673767
   9    3 19.00459354
   9    4 22.50139873
   9    5 25.89127728
   9    6 29.21856350
   9    7 32.50524735
   9    8 35.76379293
   9    9 39.00190281
   9   10 42.22463843
   9   11 45.43548310
   9   12 48.63692265
   9   13 51.83078393
   9   14 55.01844255
   9   15 58.20095582
   9   16 61.37915081
   9   17 64.55368443
   9   18 67.72508544
   9   19 70.89378457
   9   20 74.06013637
   9   21 77.22443549
   9   22 80.38692888
   9   23 83.54782516
   9   24 86.70730178
   9   25 89.86551073
   9   26 93.02258289
   9   27 96.17863168
   9   28 99.33375580
   9   29 102.48804162
   9   30 105.64156505
   9   31 108.79439302
   9   32 111.94658487
   9   33 115.09819332
   9   34 118.24926541
   9   35 121.39984324
   9   36 124.54996459
   9   37 127.69966351
   9   38 130.84897070
   9   39 133.99791395
   9   40 137.14651851
   9   41 140.29480729
   9   42 143.44280122
   9   43 146.59051940
   9   44 149.73797930
   9   45 152.88519695
   9   46 156.03218709
   9   47 159.17896326
   9   48 162.32553797
   9   49 165.47192277
   9   50 168.61812831
  10    1 11.77087667
  10    2 16.44785275
  10    3 20.22303141
  10    4 23.76071586
  10    5 27.18202153
  10    6 30.53450475
  10    7 33.84196578
  10    8 37.11800042
  10    9 40.37106891
  10   10 43.60676490
  10   11 46.82895945
  10   12 50.04042897
  10   13 53.24322321
  10   14 56.43889206
  10   15 59.62863131
  10   16 62.81337965
  10   17 65.99388505
  10   18 69.17075142
  10   19 72.34447202
  10   20 75.51545393
  10   21 78.68403628
  10   22 81.85050394
  10   23 85.01509806
  10   24 88.17802420
  10   25 91.33945869
  10   26 94.49955372
  10   27 97.65844131
  10   28 100.81623660
  10   29 103.97304045
  10   30 107.12894162
  10   31 110.28401853
  10   32 113.43834073
  10   33 116.59197013
  10   34 119.74496202
  10   35 122.89736594
  10   36 126.04922639
  10   37 129.20058350
  10   38 132.35147351
  10   39 135.50192928
  10   40 138.65198060
  10   41 141.80165465
  10   42 144.95097616
  10   43 148.09996779
  10   44 151.24865026
  10   45 154.39704260
  10   46 157.54516231
  10   47 160.69302549
  10   48 163.84064702
  10   49 166.98804062
  10   50 170.13521901
  11    1 12.82649123
  11    2 17.60026656
  11    3 21.43085424
  11    4 25.00851870
  11    5 28.46085728
  11    6 31.83842446
  11    7 35.16671443
  11    8 38.46038872
  11    9 41.72862556
  11   10 44.97752625
  11   11 48.21133384
  11   12 51.43310517
  11   13 54.64510624
  11   14 57.84905686
  11   15 61.04628851
  11   16 64.23784974
  11   17 67.42457850
  11   18 70.60715320
  11   19 73.78612937
  11   20 76.96196660
  11   21 80.13504857
  11   22 83.30569828
  11   23 86.47418969
  11   24 89.64075672
  11   25 92.80560044
  11   26 95.96889462
  11   27 99.13079026
  11   28 102.29141924
  11   29 105.45089726
  11   30 108.60932625
  11   31 111.76679640
  11   32 114.92338778
  11   33 118.07917175
  11   34 121.23421211
  11   35 124.38856609
  11   36 127.54228514
  11   37 130.69541570
  11   38 133.84799977
  11   39 137.00007541
  11   40 140.15167724
  11   41 143.30283677
  11   42 146.45358278
  11   43 149.60394161
  11   44 152.75393739
  11   45 155.90359227
  11   46 159.05292666
  11   47 162.20195932
  11   48 165.35070763
  11   49 168.49918760
  11   50 171.64741409
  12    1 13.87884307
  12    2 18.74509092
  12    3 22.62930030
  12    4 26.24604777
  12    5 29.72897817
  12    6 33.13144995
  12    7 36.48054830
  12    8 39.79194072
  12    9 43.07548680
  12   10 46.33777210
  12   11 49.58339642
  12   12 52.81568683
  12   13 56.03711869
  12   14 59.24957708
  12   15 62.45452600
  12   16 65.65312168
  12   17 68.84629065
  12   18 72.03478491
  12   19 75.21922169
  12   20 78.40011274
  12   21 81.57788618
  12   22 84.75290311
  12   23 87.92547036
  12   24 91.09585040
  12   25 94.26426915
  12   26 97.43092221
  12   27 100.59597977
  12   28 103.75959067
  12   29 106.92188567
  12   30 110.08298013
  12   31 113.24297620
  12   32 116.40196472
  12   33 119.56002670
  12   34 122.71723465
  12   35 125.87365369
  12   36 129.02934241
  12   37 132.18435374
  12   38 135.33873558
  12   39 138.49253142
  12   40 141.64578078
  12   41 144.79851973
  12   42 147.95078119
  12   43 151.10259532
  12   44 154.25398977
  12   45 157.40498996
  12   46 160.55561928
  12   47 163.70589931
  12   48 166.85584997
  12   49 170.00548971
  12   50 173.15483560
  13    1 14.92837449
  13    2 19.88322436
  13    3 23.81938909
  13    4 27.47433975
  13    5 30.98739433
  13    6 34.41454566
  13    7 37.78437851
  13    8 41.11351238
  13    9 44.41245452
  13   10 47.68825285
  13   11 50.94584925
  13   12 54.18883107
  13   13 57.41987615
  13   14 60.64103003
  13   15 63.85388583
  13   16 67.05970512
  13   17 70.25950133
  13   18 73.45409890
  13   19 76.64417598
  13   20 79.83029598
  13   21 83.01293114
  13   22 86.19248048
  13   23 89.36928364
  13   24 92.54363161
  13   25 95.71577527
  13   26 98.88593209
  13   27 102.05429160
  13   28 105.22101975
  13   29 108.38626251
  13   30 111.55014879
  13   31 114.71279291
  13   32 117.87429661
  13   33 121.03475072
  13   34 124.19423664
  13   35 127.35282750
  13   36 130.51058919
  13   37 133.66758129
  13   38 136.82385774
  13   39 139.97946755
  13   40 143.13445532
  13   41 146.28886175
  13   42 149.44272406
  13   43 152.59607631
  13   44 155.74894981
  13   45 158.90137331
  13   46 162.05337332
  13   47 165.20497428
  13   48 168.35619880
  13   49 171.50706779
  13   50 174.65760064
  14    1 15.97543881
  14    2 21.01540493
  14    3 25.00197150
  14    4 28.69427122
  14    5 32.23696941
  14    6 35.68854409
  14    7 39.07899819
  14    8 42.42585443
  14    9 45.74023678
  14   10 49.02963506
  14   11 52.29931939
  14   12 55.55312778
  14   13 58.79393376
  14   14 62.02393848
  14   15 65.24486077
  14   16 68.45806499
  14   17 71.66464970
  14   18 74.86551046
  14   19 78.06138541
  14   20 81.25288898
  14   21 84.44053706
  14   22 87.62476630
  14   23 90.80594897
  14   24 93.98440448
  14   25 97.16040861
  14   26 100.33420074
  14   27 103.50598977
  14   28 106.67595882
  14   29 109.84426916
  14   30 113.01106338
  14   31 116.17646804
  14   32 119.34059592
  14   33 122.50354778
  14   34 125.66541401
  14   35 128.82627588
  14   36 131.98620672
  14   37 135.14527282
  14   38 138.30353431
  14   39 141.46104582
  14   40 144.61785714
  14   41 147.77401370
  14   42 150.92955708
  14   43 154.08452540
  14   44 157.23895364
  14   45 160.39287403
  14   46 163.54631625
  14   47 166.69930769
  14   48 169.85187372
  14   49 173.00403778
  14   50 176.15582166
  15    1 17.02032327
  15    2 22.14224735
  15    3 26.17776620
  15    4 29.90659108
  15    5 33.47844849
  15    6 36.95416965
  15    7 40.36510275
  15    8 43.72962958
  15    9 47.05946240
  15   10 50.36251400
  15   11 53.64436964
  15   12 56.90910879
  15   13 60.15979410
  15   14 63.39877760
  15   15 66.62790029
  15   16 69.84862681
  15   17 73.06213892
  15   18 76.26940192
  15   19 79.47121293
  15   20 82.66823660
  15   21 85.86103195
  15   22 89.05007287
  15   23 92.23576396
  15   24 95.41845289
  15   25 98.59844022
  15   26 101.77598720
  15   27 104.95132204
  15   28 108.12464507
  15   29 111.29613289
  15   30 114.46594181
  15   31 117.63421073
  15   32 120.80106350
  15   33 123.96661091
  15   34 127.13095242
  15   35 130.29417754
  15   36 133.45636709
  15   37 136.61759421
  15   38 139.77792526
  15   39 142.93742061
  15   40 146.09613529
  15   41 149.25411956
  15   42 152.41141945
  15   43 155.56807718
  15   44 158.72413153
  15   45 161.87961824
  15   46 165.03457024
  15   47 168.18901794
  15   48 171.34298952
  15   49 174.49651104
  15   50 177.64960672
  16    1 18.06326499
  16    2 23.26426978
  16    3 27.34738651
  16    4 31.11194494
  16    5 34.71247959
  16    6 38.21205723
  16    7 41.64330585
  16    8 45.02542621
  16    9 48.37069283
  16   10 51.68742381
  16   11 54.98150733
  16   12 58.25725555
  16   13 61.51791395
  16   14 64.76598075
  16   15 68.00341570
  16   16 71.23178115
  16   17 74.45234013
  16   18 77.66612622
  16   19 80.87399440
  16   20 84.07665874
  16   21 87.27472076
  16   22 90.46869112
  16   23 93.65900642
  16   24 96.84604234
  16   25 100.03012405
  16   26 103.21153453
  16   27 106.39052128
  16   28 109.56730178
  16   29 112.74206794
  16   30 115.91498982
  16   31 119.08621866
  16   32 122.25588944
  16   33 125.42412303
  16   34 128.59102801
  16   35 131.75670219
  16   36 134.92123395
  16   37 138.08470332
  16   38 141.24718298
  16   39 144.40873909
  16   40 147.56943199
  16   41 150.72931686
  16   42 153.88844422
  16   43 157.04686045
  16   44 160.20460821
  16   45 163.36172678
  16   46 166.51825242
  16   47 169.67421863
  16   48 172.82965642
  16   49 175.98459455
  16   50 179.13905971
  17    1 19.10446224
  17    2 24.38191370
  17    3 28.51136068
  17    4 32.31089394
  17    5 35.93963034
  17    6 39.46276685
  17    7 42.91415216
  17    8 46.31376949
  17    9 49.67443171
  17   10 53.00484590
  17   11 56.31119165
  17   12 59.59800556
  17   13 62.86870984
  17   14 66.12594446
  17   15 69.37178453
  17   16 72.60788756
  17   17 75.83559590
  17   18 79.05600992
  17   19 82.27004135
  17   20 85.47845278
  17   21 88.68188756
  17   22 91.88089261
  17   23 95.07593614
  17   24 98.26742155
  17   25 101.45569839
  17   26 104.64107123
  17   27 107.82380672
  17   28 111.00413944
  17   29 114.18227656
  17   30 117.35840186
  17   31 120.53267893
  17   32 123.70525388
  17   33 126.87625768
  17   34 130.04580806
  17   35 133.21401118
  17   36 136.38096300
  17   37 139.54675051
  17   38 142.71145276
  17   39 145.87514173
  17   40 149.03788313
  17   41 152.19973708
  17   42 155.36075869
  17   43 158.52099853
  17   44 161.68050318
  17   45 164.83931554
  17   46 167.99747522
  17   47 171.15501884
  17   48 174.31198034
  17   49 177.46839118
  17   50 180.62428058
  18    1 20.14408270
  18    2 25.49555871
  18    3 29.67014737
  18    4 33.50392932
  18    5 37.16040124
  18    6 40.70679543
  18    7 44.17812771
  18    8 47.59513048
  18    9 50.97113292
  18   10 54.31521595
  18   11 57.63383980
  18   12 60.93175771
  18   13 64.21256287
  18   14 67.47903264
  18   15 70.73335426
  18   16 73.97727786
  18   17 77.21222318
  18   18 80.43935593
  18   19 83.65964336
  18   20 86.87389573
  18   21 90.08279749
  18   22 93.28693128
  18   23 96.48679650
  18   24 99.68282391
  18   25 102.87538721
  18   26 106.06481235
  18   27 109.25138502
  18   28 112.43535674
  18   29 115.61694991
  18   30 118.79636197
  18   31 121.97376881
  18   32 125.14932768
  18   33 128.32317965
  18   34 131.49545161
  18   35 134.66625806
  18   36 137.83570260
  18   37 141.00387919
  18   38 144.17087326
  18   39 147.33676268
  18   40 150.50161857
  18   41 153.66550603
  18   42 156.82848475
  18   43 159.99060959
  18   44 163.15193106
  18   45 166.31249570
  18   46 169.47234655
  18   47 172.63152339
  18   48 175.79006310
  18   49 178.94799989
  18   50 182.10536555
  19    1 21.18226963
  19    2 26.60553392
  19    3 30.82414780
  19    4 34.69148395
  19    5 38.37523617
  19    6 41.94458620
  19    7 45.43566830
  19    8 48.86993352
  19    9 52.26120709
  19   10 55.61892969
  19   11 58.94983212
  19   12 62.25887691
  19   13 65.54982274
  19   14 68.82558023
  19   15 72.08844556
  19   16 75.34025903
  19   17 78.58251593
  19   18 81.81644575
  19   19 85.04307016
  19   20 88.26324612
  19   21 91.47769848
  19   22 94.68704502
  19   23 97.89181585
  19   24 101.09246876
  19   25 104.28940132
  19   26 107.48296063
  19   27 110.67345123
  19   28 113.86114149
  19   29 117.04626891
  19   30 120.22904452
  19   31 123.40965647
  19   32 126.58827313
  19   33 129.76504562
  19   34 132.94010999
  19   35 136.11358910
  19   36 139.28559418
  19   37 142.45622617
  19   38 145.62557693
  19   39 148.79373022
  19   40 151.96076258
  19   41 155.12674413
  19   42 158.29173920
  19   43 161.45580693
  19   44 164.61900179
  19   45 167.78137405
  19   46 170.94297014
  19   47 174.10383307
  19   48 177.26400267
  19   49 180.42351594
  19   50 183.58240728
  20    1 22.21914648
  20    2 27.71212684
  20    3 31.97371522
  20    4 35.87394150
  20    5 39.58453089
  20    6 43.17653646
  20    7 46.68716642
  20    8 50.13856248
  20    9 53.54502718
  20   10 56.91634787
  20   11 60.25951651
  20   12 63.57969798
  20   13 66.88081125
  20   14 70.16589626
  20   15 73.43735505
  20   16 76.69711577
  20   17 79.94674733
  20   18 83.18754160
  20   19 86.42057347
  20   20 89.64674568
  20   21 92.86682276
  20   22 96.08145700
  20   23 99.29120879
  20   24 102.49656256
  20   25 105.69793942
  20   26 108.89570741
  20   27 112.09018972
  20   28 115.28167140
  20   29 118.47040496
  20   30 121.65661491
  20   31 124.84050162
  20   32 128.02224448
  20   33 131.20200466
  20   34 134.37992735
  20   35 137.55614375
  20   36 140.73077270
  20   37 143.90392215
  20   38 147.07569037
  20   39 150.24616703
  20   40 153.41543413
  20   41 156.58356680
  20   42 159.75063402
  20   43 162.91669926
  20   44 166.08182098
  20   45 169.24605316
  20   46 172.40944570
  20   47 175.57204480
  20   48 178.73389334
  20   49 181.89503110
  20   50 185.05549510
  21    1 23.25482051
  21    2 28.81559026
  21    3 33.11916251
  21    4 37.05164392
  21    5 40.78864004
  21    6 44.40300395
  21    7 47.93297704
  21    8 51.40136592
  21    9 54.82293308
  21   10 58.20780036
  21   11 61.56321210
  21   12 64.89452898
  21   13 68.20582532
  21   14 71.50026659
  21   15 74.78035780
  21   16 78.04811263
  21   17 81.30517182
  21   18 84.55288816
  21   19 87.79238862
  21   20 91.02462083
  21   21 94.25038819
  21   22 97.47037697
  21   23 100.68517731
  21   24 103.89529989
  21   25 107.10118907
  21   26 110.30323355
  21   27 113.50177494
  21   28 116.69711486
  21   29 119.88952065
  21   30 123.07923023
  21   31 126.26645606
  21   32 129.45138853
  21   33 132.63419879
  21   34 135.81504114
  21   35 138.99405508
  21   36 142.17136707
  21   37 145.34709205
  21   38 148.52133470
  21   39 151.69419060
  21   40 154.86574720
  21   41 158.03608467
  21   42 161.20527667
  21   43 164.37339098
  21   44 167.54049008
  21   45 170.70663167
  21   46 173.87186914
  21   47 177.03625193
  21   48 180.19982593
  21   49 183.36263377
  21   50 186.52471511
  22    1 24.28938554
  22    2 29.91614781
  22    3 34.26076830
  22    4 38.22489744
  22    5 41.98788278
  22    6 45.62431208
  22    7 49.17342240
  22    8 52.65866144
  22    9 56.09523556
  22   10 59.49358979
  22   11 62.86121252
  22   12 66.20365410
  22   13 69.52513956
  22   14 72.82895627
  22   15 76.11770942
  22   16 79.39349598
  22   17 82.65802681
  22   18 85.91271419
  22   19 89.15873605
  22   20 92.39708397
  22   21 95.62859953
  22   22 98.85400232
  22   23 102.07391178
  22   24 105.28886442
  22   25 108.49932752
  22   26 111.70571016
  22   27 114.90837220
  22   28 118.10763159
  22   29 121.30377038
  22   30 124.49703977
  22   31 127.68766423
  22   32 130.87584508
  22   33 134.06176338
  22   34 137.24558249
  22   35 140.42745019
  22   36 143.60750052
  22   37 146.78585539
  22   38 149.96262588
  22   39 153.13791348
  22   40 156.31181110
  22   41 159.48440394
  22   42 162.65577033
  22   43 165.82598238
  22   44 168.99510660
  22   45 172.16320445
  22   46 175.33033279
  22   47 178.49654432
  22   48 181.66188798
  22   49 184.82640922
  22   50 187.99015039
  23    1 25.32292421
  23    2 31.01399843
  23    3 35.39878197
  23    4 39.39397753
  23    5 43.18254757
  23    6 46.84075435
  23    7 50.40879603
  23    8 53.91073936
  23    9 57.36221966
  23   10 60.77399447
  23   11 64.15378858
  23   12 67.50733617
  23   13 70.83900854
  23   14 74.15221157
  23   15 77.44964789
  23   16 80.73349570
  23   17 84.00553424
  23   18 87.26723391
  23   19 90.51982252
  23   20 93.76433469
  23   21 97.00164943
  23   22 100.23251908
  23   23 103.45759186
  23   24 106.67742970
  23   25 109.89252247
  23   26 113.10329937
  23   27 116.31013826
  23   28 119.51337323
  23   29 122.71330090
  23   30 125.91018560
  23   31 129.10426374
  23   32 132.29574744
  23   33 135.48482763
  23   34 138.67167667
  23   35 141.85645057
  23   36 145.03929093
  23   37 148.22032658
  23   38 151.39967502
  23   39 154.57744360
  23   40 157.75373069
  23   41 160.92862653
  23   42 164.10221411
  23   43 167.27456989
  23   44 170.44576440
  23   45 173.61586284
  23   46 176.78492558
  23   47 179.95300860
  23   48 183.12016386
  23   49 186.28643970
  23   50 189.45188112
  24    1 26.35550968
  24    2 32.10931996
  24    3 36.53342770
  24    4 40.55913306
  24    5 44.37289611
  24    6 48.05259808
  24    7 51.63936621
  24    8 55.15786592
  24    9 58.62414749
  24   10 62.04927114
  24   11 65.44119072
  24   12 68.80581881
  24   13 72.14766879
  24   14 75.47026176
  24   15 78.77639527
  24   16 82.06832667
  24   17 85.34790193
  24   18 88.61664829
  24   19 91.87584232
  24   20 95.12656081
  24   21 98.36971948
  24   22 101.60610281
  24   23 104.83638732
  24   24 108.06115997
  24   25 111.28093283
  24   26 114.49615496
  24   27 117.70722198
  24   28 120.91448394
  24   29 124.11825184
  24   30 127.31880304
  24   31 130.51638575
  24   32 133.71122280
  24   33 136.90351492
  24   34 140.09344340
  24   35 143.28117243
  24   36 146.46685114
  24   37 149.65061526
  24   38 152.83258863
  24   39 156.01288451
  24   40 159.19160666
  24   41 162.36885039
  24   42 165.54470332
  24   43 168.71924626
  24   44 171.89255376
  24   45 175.06469479
  24   46 178.23573321
  24   47 181.40572827
  24   48 184.57473500
  24   49 187.74280459
  24   50 190.90998472
  25    1 27.38720713
  25    2 33.20227214
  25    3 37.66490790
  25    4 41.72058970
  25    5 45.55916665
  25    6 49.26008750
  25    7 52.86537891
  25    8 56.40028590
  25    9 59.88126077
  25   10 63.31965714
  25   11 66.72365106
  25   12 70.09932836
  25   13 73.45134051
  25   14 76.78332077
  25   15 80.09815911
  25   16 83.39819010
  25   17 86.68532484
  25   18 89.96114613
  25   19 93.22697826
  25   20 96.48393932
  25   21 99.73298103
  25   22 102.97491943
  25   23 106.21045882
  25   24 109.44021077
  25   25 112.66470928
  25   26 115.88442292
  25   27 119.09976484
  25   28 122.31110086
  25   29 125.51875620
  25   30 128.72302109
  25   31 131.92415540
  25   32 135.12239262
  25   33 138.31794317
  25   34 141.51099720
  25   35 144.70172705
  25   36 147.89028929
  25   37 151.07682652
  25   38 154.26146893
  25   39 157.44433561
  25   40 160.62553576
  25   41 163.80516966
  25   42 166.98332963
  25   43 170.16010077
  25   44 173.33556168
  25   45 176.50978506
  25   46 179.68283830
  25   47 182.85478390
  25   48 186.02567996
  25   49 189.19558054
  25   50 192.36453602
  26    1 28.41807483
  26    2 34.29299903
  26    3 38.79340601
  26    4 42.87855284
  26    5 46.74157681
  26    6 50.46344645
  26    7 54.08706022
  26    8 57.63822500
  26    9 61.13378297
  26   10 64.58537241
  26   11 68.00138519
  26   12 71.38807549
  26   13 74.75022911
  26   14 78.09158850
  26   15 81.41513374
  26   16 84.72327469
  26   17 88.01798612
  26   18 91.30090509
  26   19 94.57340261
  26   20 97.83663724
  26   21 101.09159600
  26   22 104.33912588
  26   23 107.57995851
  26   24 110.81472967
  26   25 114.04399489
  26   26 117.26824202
  26   27 120.48790147
  26   28 123.70335463
  26   29 126.91494076
  26   30 130.12296281
  26   31 133.32769222
  26   32 136.52937301
  26   33 139.72822519
  26   34 142.92444772
  26   35 146.11822100
  26   36 149.30970902
  26   37 152.49906121
  26   38 155.68641404
  26   39 158.87189243
  26   40 162.05561097
  26   41 165.23767493
  26   42 168.41818127
  26   43 171.59721941
  26   44 174.77487196
  26   45 177.95121538
  26   46 181.12632055
  26   47 184.30025324
  26   48 187.47307462
  26   49 190.64484162
  26   50 193.81560730
  27    1 29.44816521
  27    2 35.38163108
  27    3 39.91908887
  27    4 44.03320998
  27    5 47.92032600
  27    6 51.66288070
  27    7 55.30461857
  27    8 58.87189183
  27    9 62.38192112
  27   10 65.84662124
  27   11 69.27459380
  27   12 72.67225671
  27   13 76.04452654
  27   14 79.39525213
  27   15 82.72750140
  27   16 86.04375773
  27   17 89.34605807
  27   18 92.63609256
  27   19 95.91527793
  27   20 99.18481239
  27   21 102.44571756
  27   22 105.69887085
  27   23 108.94503071
  27   24 112.18485673
  27   25 115.41892564
  27   26 118.64774427
  27   27 121.87176007
  27   28 125.09136975
  27   29 128.30692647
  27   30 131.51874575
  27   31 134.72711045
  27   32 137.93227501
  27   33 141.13446897
  27   34 144.33389999
  27   35 147.53075649
  27   36 150.72520980
  27   37 153.91741614
  27   38 157.10751823
  27   39 160.29564679
  27   40 163.48192174
  27   41 166.66645337
  27   42 169.84934322
  27   43 173.03068503
  27   44 176.21056542
  27   45 179.38906458
  27   46 182.56625688
  27   47 185.74221137
  27   48 188.91699228
  27   49 192.09065941
  27   50 195.26326851
  28    1 30.47752554
  28    2 36.46828685
  28    3 41.04210875
  28    4 45.18473289
  28    5 49.09559743
  28    6 52.85857983
  28    7 56.51824657
  28    8 60.10147963
  28    9 63.62586750
  28   10 67.10359375
  28   11 70.54346404
  28   12 73.95205564
  28   13 77.33441251
  28   14 80.69448717
  28   15 84.03543330
  28   16 87.35980602
  28   17 90.66970305
  28   18 93.96686649
  28   19 97.25275779
  28   20 100.52861404
  28   21 103.79549081
  28   22 107.05429533
  28   23 110.30581242
  28   24 113.55072507
  28   25 116.78963090
  28   26 120.02305540
  28   27 123.25146283
  28   28 126.47526503
  28   29 129.69482885
  28   30 132.91048223
  28   31 136.12251935
  28   32 139.33120494
  28   33 142.53677796
  28   34 145.73945472
  28   35 148.93943156
  28   36 152.13688711
  28   37 155.33198432
  28   38 158.52487213
  28   39 161.71568699
  28   40 164.90455419
  28   41 168.09158892
  28   42 171.27689736
  28   43 174.46057752
  28   44 177.64272000
  28   45 180.82340874
  28   46 184.00272158
  28   47 187.18073084
  28   48 190.35750380
  28   49 193.53310312
  28   50 196.70758727
  29    1 31.50619868
  29    2 37.55307443
  29    3 42.16260504
  29    4 46.33327932
  29    5 50.26755989
  29    6 54.05071903
  29    7 57.72812261
  29    8 61.32716786
  29    9 64.86580101
  29   10 68.35646723
  29   11 71.80817077
  29   12 75.22764416
  29   13 78.62005552
  29   14 81.98945851
  29   15 85.33909047
  29   16 88.67157668
  29   17 91.98907425
  29   18 95.29337609
  29   19 98.58598749
  29   20 101.86818361
  29   21 105.14105333
  29   22 108.40553316
  29   23 111.66243383
  29   24 114.91246135
  29   25 118.15623386
  29   26 121.39429526
  29   27 124.62712635
  29   28 127.85515391
  29   29 131.07875830
  29   30 134.29827972
  29   31 137.51402352
  29   32 140.72626464
  29   33 143.93525135
  29   34 147.14120852
  29   35 150.34434034
  29   36 153.54483268
  29   37 156.74285516
  29   38 159.93856290
  29   39 163.13209806
  29   40 166.32359121
  29   41 169.51316249
  29   42 172.70092264
  29   43 175.88697392
  29   44 179.07141093
  29   45 182.25432132
  29   46 185.43578640
  29   47 188.61588175
  29   48 191.79467768
  29   49 194.97223974
  29   50 198.14862907
  30    1 32.53422356
  30    2 38.63609270
  30    3 43.28070570
  30    4 47.47899456
  30    5 51.43636931
  30    6 55.23946052
  30    7 58.93441230
  30    8 62.54912345
  30    9 66.10188848
  30   10 69.60540730
  30   11 73.06887767
  30   12 76.49918344
  30   13 79.90161382
  30   14 83.28032121
  30   15 86.63862466
  30   16 89.97921796
  30   17 93.30431637
  30   18 96.61576251
  30   19 99.91510461
  30   20 103.20365517
  30   21 106.48253572
  30   22 109.75271154
  30   23 113.01501881
  30   24 116.27018616
  30   25 119.51885194
  30   26 122.76157818
  30   27 125.99886196
  30   28 129.23114481
  30   29 132.45882040
  30   30 135.68224106
  30   31 138.90172317
  30   32 142.11755174
  30   33 145.32998429
  30   34 148.53925413
  30   35 151.74557324
  30   36 154.94913467
  30   37 158.15011466
  30   38 161.34867443
  30   39 164.54496185
  30   40 167.73911272
  30   41 170.93125207
  30   42 174.12149520
  30   43 177.30994861
  30   44 180.49671087
  30   45 183.68187331
  30   46 186.86552071
  30   47 190.04773189
  30   48 193.22858022
  30   49 196.40813407
  30   50 199.58645728
  31    1 33.56163572
  31    2 39.71743238
  31    3 44.39652854
  31    4 48.62201276
  31    5 52.60217002
  31    6 56.42495487
  31    7 60.13726972
  31    8 63.76750203
  31    9 67.33428573
  31   10 70.85056897
  31   11 74.32573818
  31   12 77.76682482
  31   13 81.17923628
  31   14 84.56722136
  31   15 87.93417897
  31   16 91.28286992
  31   17 94.61556629
  31   18 97.93415943
  31   19 101.24023964
  31   20 104.53515600
  31   21 107.82006210
  31   22 111.09595148
  31   23 114.36368530
  31   24 117.62401445
  31   25 120.87759717
  31   26 124.12501332
  31   27 127.36677606
  31   28 130.60334141
  31   29 133.83511622
  31   30 137.06246477
  31   31 140.28571435
  31   32 143.50515992
  31   33 146.72106811
  31   34 149.93368065
  31   35 153.14321719
  31   36 156.34987791
  31   37 159.55384558
  31   38 162.75528754
  31   39 165.95435723
  31   40 169.15119572
  31   41 172.34593288
  31   42 175.53868853
  31   43 178.72957340
  31   44 181.91868998
  31   45 185.10613330
  31   46 188.29199157
  31   47 191.47634686
  31   48 194.65927554
  31   49 197.84084886
  31   50 201.02113333
  32    1 34.58846766
  32    2 40.79717690
  32    3 45.51018228
  32    4 49.76245810
  32    5 53.76509596
  32    6 57.60734209
  32    7 61.33683844
  32    8 64.98244897
  32    9 68.56313857
  32   10 72.09209754
  32   11 75.57889638
  32   12 79.03071064
  32   13 82.45306311
  32   14 85.85029678
  32   15 89.22588862
  32   16 92.58266499
  32   17 95.92295364
  32   18 99.24869360
  32   19 102.56151640
  32   20 105.86280703
  32   21 109.15375054
  32   22 112.43536818
  32   23 115.70854570
  32   24 118.97405588
  32   25 122.23257651
  32   26 125.48470503
  32   27 128.73097040
  32   28 131.97184299
  32   29 135.20774259
  32   30 138.43904532
  32   31 141.66608921
  32   32 144.88917907
  32   33 148.10859058
  32   34 151.32457372
  32   35 154.53735580
  32   36 157.74714401
  32   37 160.95412764
  32   38 164.15848005
  32   39 167.36036026
  32   40 170.55991452
  32   41 173.75727753
  32   42 176.95257360
  32   43 180.14591766
  32   44 183.33741610
  32   45 186.52716762
  32   46 189.71526387
  32   47 192.90179012
  32   48 196.08682577
  32   49 199.27044491
  32   50 202.45271670
  33    1 35.61474922
  33    2 41.87540324
  33    3 46.62176750
  33    4 50.90044573
  33    5 54.92527166
  33    6 58.78675269
  33    7 62.53325256
  33    8 66.19410026
  33    9 69.78858366
  33   10 73.33012943
  33   11 76.82848778
  33   12 80.29097497
  33   13 83.72322656
  33   14 87.12967762
  33   15 90.51388147
  33   16 93.87872862
  33   17 97.22660130
  33   18 100.55948531
  33   19 103.87905257
  33   20 107.18672330
  33   21 110.48371343
  33   22 113.77107144
  33   23 117.04970726
  33   24 120.32041515
  33   25 123.58389218
  33   26 126.84075306
  33   27 130.09154239
  33   28 133.33674460
  33   29 136.57679233
  33   30 139.81207330
  33   31 143.04293621
  33   32 146.26969559
  33   33 149.49263603
  33   34 152.71201572
  33   35 155.92806951
  33   36 159.14101157
  33   37 162.35103763
  33   38 165.55832701
  33   39 168.76304428
  33   40 171.96534081
  33   41 175.16535612
  33   42 178.36321896
  33   43 181.55904842
  33   44 184.75295481
  33   45 187.94504044
  33   46 191.13540039
  33   47 194.32412313
  33   48 197.51129107
  33   49 200.69698111
  33   50 203.88126509
  34    1 36.64050785
  34    2 42.95218254
  34    3 47.73137747
  34    4 52.03608272
  34    5 56.08281316
  34    6 59.96330850
  34    7 63.72663752
  34    8 67.40258336
  34    9 71.01074932
  34   10 74.56479294
  34   11 78.07463998
  34   12 81.54774425
  34   13 84.98985154
  34   14 88.40548697
  34   15 91.79827859
  34   16 95.17117970
  34   17 98.52662592
  34   18 101.86664885
  34   19 105.19296007
  34   20 108.50701434
  34   21 111.81005790
  34   22 115.10316602
  34   23 118.38727234
  34   24 121.66319230
  34   25 124.93164192
  34   26 128.19325294
  34   27 131.44858532
  34   28 134.69813740
  34   29 137.94235445
  34   30 141.18163569
  34   31 144.41634032
  34   32 147.64679248
  34   33 150.87328558
  34   34 154.09608591
  34   35 157.31543581
  34   36 160.53155633
  34   37 163.74464959
  34   38 166.95490081
  34   39 170.16248007
  34   40 173.36754384
  34   41 176.57023636
  34   42 179.77069085
  34   43 182.96903052
  34   44 186.16536954
  34   45 189.35981386
  34   46 192.55246194
  34   47 195.74340542
  34   48 198.93272973
  34   49 202.12051457
  34   50 205.30683442
  35    1 37.66576885
  35    2 44.02758073
  35    3 48.83909883
  35    4 53.16946879
  35    5 57.23782876
  35    6 61.13712347
  35    7 64.91711085
  35    8 68.60801790
  35    9 72.22975619
  35   10 75.79620886
  35   11 79.31747334
  35   12 82.80113789
  35   13 86.25305616
  35   14 89.67784138
  35   15 93.07919474
  35   16 96.46013108
  35   17 99.82313832
  35   18 103.17029296
  35   19 106.50334547
  35   20 109.82378452
  35   21 113.13288615
  35   22 116.43175191
  35   23 119.72133877
  35   24 123.00248302
  35   25 126.27591929
  35   26 129.54229613
  35   27 132.80218861
  35   28 136.05610880
  35   29 139.30451442
  35   30 142.54781604
  35   31 145.78638322
  35   32 149.02054960
  35   33 152.25061730
  35   34 155.47686064
  35   35 158.69952934
  35   36 161.91885128
  35   37 165.13503492
  35   38 168.34827131
  35   39 171.55873598
  35   40 174.76659046
  35   41 177.97198372
  35   42 181.17505335
  35   43 184.37592667
  35   44 187.57472171
  35   45 190.77154800
  35   46 193.96650739
  35   47 197.15969468
  35   48 200.35119827
  35   49 203.54110065
  35   50 206.72947896
  36    1 38.69055565
  36    2 45.10165905
  36    3 49.94501228
  36    4 54.30069698
  36    5 58.39041974
  36    6 62.30830435
  36    7 66.10478288
  36    8 69.81051636
  36    9 73.44571783
  36   10 77.02449111
  36   11 80.55710149
  36   12 84.05126881
  36   13 87.51295225
  36   14 90.94685132
  36   15 94.35673887
  36   16 97.74568998
  36   17 101.11624387
  36   18 104.47052110
  36   19 107.81031029
  36   20 111.13713340
  36   21 114.45229573
  36   22 117.75692466
  36   23 121.05200012
  36   24 124.33837887
  36   25 127.61681392
  36   26 130.88797031
  36   27 134.15243805
  36   28 137.41074273
  36   29 140.66335432
  36   30 143.91069464
  36   31 147.15314345
  36   32 150.39104378
  36   33 153.62470636
  36   34 156.85441345
  36   35 160.08042206
  36   36 163.30296686
  36   37 166.52226253
  36   38 169.73850595
  36   39 172.95187803
  36   40 176.16254532
  36   41 179.37066146
  36   42 182.57636840
  36   43 185.77979756
  36   44 188.98107076
  36   45 192.18030111
  36   46 195.37759381
  36   47 198.57304681
  36   48 201.76675148
  36   49 204.95879309
  36   50 208.14925139
  37    1 39.71488993
  37    2 46.17447445
  37    3 51.04919307
  37    4 55.42985428
  37    5 59.54068094
  37    6 63.47695133
  37    7 67.28975730
  37    8 71.01018463
  37    9 74.65874137
  37   10 78.24974724
  37   11 81.79363188
  37   12 85.29824389
  37   13 88.76964580
  37   14 92.21262163
  37   15 95.63101442
  37   16 99.02795836
  37   17 102.40604293
  37   18 105.76743192
  37   19 109.11395139
  37   20 112.44715603
  37   21 115.76837986
  37   22 119.07877564
  37   23 122.37934591
  37   24 125.67096757
  37   25 128.95441169
  37   26 132.23035959
  37   27 135.49941598
  37   28 138.76211977
  37   29 142.01895307
  37   30 145.27034871
  37   31 148.51669660
  37   32 151.75834901
  37   33 154.99562519
  37   34 158.22881523
  37   35 161.45818339
  37   36 164.68397100
  37   37 167.90639895
  37   38 171.12566988
  37   39 174.34197002
  37   40 177.55547090
  37   41 180.76633080
  37   42 183.97469600
  37   43 187.18070195
  37   44 190.38447427
  37   45 193.58612961
  37   46 196.78577651
  37   47 199.98351605
  37   48 203.17944252
  37   49 206.37364399
  37   50 209.56620281
  38    1 40.73879184
  38    2 47.24608006
  38    3 52.15171154
  38    4 56.55702215
  38    5 60.68870138
  38    6 64.64315855
  38    7 68.47213170
  38    8 72.20712253
  38    9 75.86892789
  38   10 79.47207895
  38   11 83.02716621
  38   12 86.54216443
  38   13 90.02323738
  38   14 93.47525189
  38   15 96.90211981
  38   16 100.30703326
  38   17 103.69263108
  38   18 107.06111946
  38   19 110.41436124
  38   20 113.75394322
  38   21 117.08122766
  38   22 120.39739231
  38   23 123.70346191
  38   24 127.00033317
  38   25 130.28879499
  38   26 133.56954469
  38   27 136.84320148
  38   28 140.11031740
  38   29 143.37138652
  38   30 146.62685258
  38   31 149.87711545
  38   32 153.12253658
  38   33 156.36344360
  38   34 159.60013436
  38   35 162.83288028
  38   36 166.06192931
  38   37 169.28750846
  38   38 172.50982606
  38   39 175.72907364
  38   40 178.94542766
  38   41 182.15905098
  38   42 185.37009419
  38   43 188.57869675
  38   44 191.78498802
  38   45 194.98908820
  38   46 198.19110913
  38   47 201.39115499
  38   48 204.58932300
  38   49 207.78570399
  38   50 210.98038290
  39    1 41.76228012
  39    2 48.31652548
  39    3 53.25263353
  39    4 57.68227699
  39    5 61.83456466
  39    6 65.80701462
  39    7 69.65199810
  39    8 73.40142430
  39    9 77.07637299
  39   10 80.69158247
  39   11 84.25780087
  39   12 87.78312656
  39   13 91.27382253
  39   14 94.73483679
  39   15 98.17014868
  39   16 101.58300717
  39   17 104.97609950
  39   18 108.35167351
  39   19 111.71162815
  39   20 115.05758178
  39   21 118.39092443
  39   22 121.71285841
  39   23 125.02443029
  39   24 128.32655631
  39   25 131.62004289
  39   26 134.90560315
  39   27 138.18387056
  39   28 141.45541012
  39   29 144.72072770
  39   30 147.98027779
  39   31 151.23447013
  39   32 154.48367518
  39   33 157.72822892
  39   34 160.96843683
  39   35 164.20457741
  39   36 167.43690516
  39   37 170.66565316
  39   38 173.89103537
  39   39 177.11324857
  39   40 180.33247409
  39   41 183.54887936
  39   42 186.76261921
  39   43 189.97383709
  39   44 193.18266610
  39   45 196.38922993
  39   46 199.59364369
  39   47 202.79601467
  39   48 205.99644300
  39   49 209.19502222
  39   50 212.39183987
  40    1 42.78537226
  40    2 49.38585712
  40    3 54.35202077
  40    4 58.80569058
  40    5 62.97834948
  40    6 66.96860305
  40    7 70.82944334
  40    8 74.59317900
  40    9 78.28116712
  40   10 81.90834900
  40   11 85.48562731
  40   12 89.02122157
  40   13 92.52149207
  40   14 95.99146646
  40   15 99.43519028
  40   16 102.85596828
  40   17 106.25653523
  40   18 109.63917984
  40   19 113.00583659
  40   20 116.35815482
  40   21 119.69755187
  40   22 123.02525420
  40   23 126.34232988
  40   24 129.64971438
  40   25 132.94823134
  40   26 136.23860947
  40   27 139.52149630
  40   28 142.79746961
  40   29 146.06704690
  40   30 149.33069329
  40   31 152.58882822
  40   32 155.84183111
  40   33 159.09004613
  40   34 162.33378634
  40   35 165.57333724
  40   36 168.80895979
  40   37 172.04089311
  40   38 175.26935670
  40   39 178.49455255
  40   40 181.71666683
  40   41 184.93587148
  40   42 188.15232556
  40   43 191.36617645
  40   44 194.57756096
  40   45 197.78660625
  40   46 200.99343070
  40   47 204.19814466
  40   48 207.40085115
  40   49 210.60164643
  40   50 213.80062061
  41    1 43.80808458
  41    2 50.45411848
  41    3 55.44993122
  41    4 59.92733042
  41    5 64.12012999
  41    6 68.12800265
  41    7 72.00454949
  41    8 75.78247092
  41    9 79.48339598
  41   10 83.12246507
  41   11 86.71073237
  41   12 90.25653626
  41   13 93.76633247
  41   14 97.24522677
  41   15 100.69732971
  41   16 104.12600076
  41   17 107.53402139
  41   18 110.92372048
  41   19 114.29706737
  41   20 117.65574191
  41   21 121.00118826
  41   22 124.33465667
  41   23 127.65723634
  41   24 130.96988168
  41   25 134.27343333
  41   26 137.56863532
  41   27 140.85614905
  41   28 144.13656490
  41   29 147.41041185
  41   30 150.67816550
  41   31 153.94025491
  41   32 157.19706829
  41   33 160.44895794
  41   34 163.69624441
  41   35 166.93922011
  41   36 170.17815242
  41   37 173.41328638
  41   38 176.64484703
  41   39 179.87304149
  41   40 183.09806073
  41   41 186.32008117
  41   42 189.53926603
  41   43 192.75576663
  41   44 195.96972345
  41   45 199.18126709
  41   46 202.39051917
  41   47 205.59759308
  41   48 208.80259470
  41   49 212.00562302
  41   50 215.20677068
  42    1 44.83043235
  42    2 51.52135039
  42    3 56.54641941
  42    4 61.04726012
  42    5 65.25997613
  42    6 69.28528788
  42    7 73.17739421
  42    8 76.96937991
  42    9 80.68314089
  42   10 84.33401283
  42   11 87.93319861
  42   12 91.48915323
  42   13 95.00842607
  42   14 98.49619960
  42   15 101.95664816
  42   16 105.39318502
  42   17 108.80863747
  42   18 112.20537390
  42   19 115.58539789
  42   20 118.95041930
  42   21 122.30190869
  42   22 125.64113968
  42   23 128.96922233
  42   24 132.28712965
  42   25 135.59571904
  42   26 138.89574963
  42   27 142.18789651
  42   28 145.47276247
  42   29 148.75088782
  42   30 152.02275852
  42   31 155.28881309
  42   32 158.54944846
  42   33 161.80502496
  42   34 165.05587052
  42   35 168.30228440
  42   36 171.54454031
  42   37 174.78288918
  42   38 178.01756152
  42   39 181.24876953
  42   40 184.47670894
  42   41 187.70156058
  42   42 190.92349185
  42   43 194.14265794
  42   44 197.35920296
  42   45 200.57326093
  42   46 203.78495670
  42   47 206.99440667
  42   48 210.20171958
  42   49 213.40699708
  42   50 216.61033438
  43    1 45.85242988
  43    2 52.58759122
  43    3 57.64153668
  43    4 62.16553970
  43    5 66.39795402
  43    6 70.44052920
  43    7 74.34805104
  43    8 78.15398172
  43    9 81.88047903
  43   10 85.54307039
  43   11 89.15310461
  43   12 92.71915116
  43   13 96.24785140
  43   14 99.74446310
  43   15 103.21322324
  43   16 106.65759794
  43   17 110.08045954
  43   18 113.48421524
  43   19 116.87090232
  43   20 120.24226013
  43   21 123.59978521
  43   22 126.94477420
  43   23 130.27835766
  43   24 133.60152696
  43   25 136.91515600
  43   26 140.22001879
  43   27 143.51680391
  43   28 146.80612642
  43   29 150.08853778
  43   30 153.36453417
  43   31 156.63456348
  43   32 159.89903125
  43   33 163.15830572
  43   34 166.41272214
  43   35 169.66258653
  43   36 172.90817888
  43   37 176.14975593
  43   38 179.38755360
  43   39 182.62178914
  43   40 185.85266297
  43   41 189.08036032
  43   42 192.30505270
  43   43 195.52689915
  43   44 198.74604739
  43   45 201.96263484
  43   46 205.17678953
  43   47 208.38863086
  43   48 211.59827041
  43   49 214.80581249
  43   50 218.01135482
  44    1 46.87409061
  44    2 53.65287710
  44    3 58.73533146
  44    4 63.28222582
  44    5 67.53412615
  44    6 71.59379334
  44    7 75.51658976
  44    8 79.33634823
  44    9 83.07548378
  44   10 86.74971206
  44   11 90.37052520
  44   12 93.94660509
  44   13 97.48468340
  44   14 100.99009189
  44   15 104.46712910
  44   16 107.91931306
  44   17 111.34956042
  44   18 114.76031651
  44   19 118.15365178
  44   20 121.53133458
  44   21 124.89488702
  44   22 128.24562840
  44   23 131.58470948
  44   24 134.91313970
  44   25 138.23180923
  44   26 141.54150674
  44   27 144.84293413
  44   28 148.13671854
  44   29 151.42342245
  44   30 154.70355214
  44   31 157.97756474
  44   32 161.24587428
  44   33 164.50885683
  44   34 167.76685488
  44   35 171.02018114
  44   36 174.26912178
  44   37 177.51393932
  44   38 180.75487503
  44   39 183.99215115
  44   40 187.22597276
  44   41 190.45652945
  44   42 193.68399678
  44   43 196.90853763
  44   44 200.13030329
  44   45 203.34943455
  44   46 206.56606259
  44   47 209.78030982
  44   48 212.99229059
  44   49 216.20211189
  44   50 219.40987392
  45    1 47.89542716
  45    2 54.71724208
  45    3 59.82784946
  45    4 64.39737208
  45    5 68.66855175
  45    6 72.74514357
  45    7 76.68307658
  45    8 80.51654782
  45    9 84.26822496
  45   10 87.95400864
  45   11 91.58553174
  45   12 95.17158660
  45   13 98.71899365
  45   14 102.23315733
  45   15 105.71843670
  45   16 109.17840082
  45   17 112.61600989
  45   18 116.03374677
  45   19 119.43371452
  45   20 122.81771003
  45   21 126.18728060
  45   22 129.54376783
  45   23 132.88834237
  45   24 136.22203148
  45   25 139.54574134
  45   26 142.86027511
  45   27 146.16634779
  45   28 149.46459846
  45   29 152.75560049
  45   30 156.03987009
  45   31 159.31787353
  45   32 162.59003325
  45   33 165.85673304
  45   34 169.11832254
  45   35 172.37512108
  45   36 175.62742097
  45   37 178.87549041
  45   38 182.11957599
  45   39 185.35990488
  45   40 188.59668678
  45   41 191.83011558
  45   42 195.06037090
  45   43 198.28761937
  45   44 201.51201586
  45   45 204.73370449
  45   46 207.95281958
  45   47 211.16948648
  45   48 214.38382234
  45   49 217.59593679
  45   50 220.80593250
  46    1 48.91645142
  46    2 55.78071831
  46    3 60.91913392
  46    4 65.51102923
  46    5 69.80128692
  46    6 73.89463994
  46    7 77.84757445
  46    8 81.69464548
  46    9 85.45876907
  46   10 89.15602759
  46   11 92.79819229
  46   12 96.39416407
  46   13 99.95085056
  46   14 103.47372769
  46   15 106.96721397
  46   16 110.43492869
  46   17 113.87987487
  46   18 117.30457228
  46   19 120.71115607
  46   20 124.10145126
  46   21 127.47702989
  46   22 130.83925557
  46   23 134.18931852
  46   24 137.52826358
  46   25 140.85701270
  46   26 144.17638333
  46   27 147.48710340
  46   28 150.78982376
  46   29 154.08512851
  46   30 157.37354371
  46   31 160.65554464
  46   32 163.93156202
  46   33 167.20198731
  46   34 170.46717721
  46   35 173.72745757
  46   36 176.98312679
  46   37 180.23445870
  46   38 183.48170513
  46   39 186.72509816
  46   40 189.96485204
  46   41 193.20116495
  46   42 196.43422049
  46   43 199.66418906
  46   44 202.89122904
  46   45 206.11548785
  46   46 209.33710295
  46   47 212.55620260
  46   48 215.77290674
  46   49 218.98732759
  46   50 222.19957030
  47    1 49.93717458
  47    2 56.84333616
  47    3 62.00922575
  47    4 66.62324535
  47    5 70.93238495
  47    6 75.04233952
  47    7 79.01014324
  47    8 82.87070314
  47    9 86.64717947
  47   10 90.35583329
  47   11 94.00857188
  47   12 97.61440284
  47   13 101.18031959
  47   14 104.71186830
  47   15 108.21352602
  47   16 111.68896138
  47   17 115.14121956
  47   18 118.57285667
  47   19 121.98603942
  47   20 125.38262051
  47   21 128.76419640
  47   22 132.13215233
  47   23 135.48769783
  47   24 138.83189505
  47   25 142.16568151
  47   26 145.48988874
  47   27 148.80525742
  47   28 152.11245002
  47   29 155.41206125
  47   30 158.70462687
  47   31 161.99063106
  47   32 165.27051275
  47   33 168.54467093
  47   34 171.81346931
  47   35 175.07724022
  47   36 178.33628802
  47   37 181.59089215
  47   38 184.84130964
  47   39 188.08777738
  47   40 191.33051418
  47   41 194.56972242
  47   42 197.80558969
  47   43 201.03829009
  47   44 204.26798550
  47   45 207.49482664
  47   46 210.71895401
  47   47 213.94049883
  47   48 217.15958376
  47   49 220.37632361
  47   50 223.59082600
  48    1 50.95760723
  48    2 57.90512436
  48    3 63.09816371
  48    4 67.73406610
  48    5 72.06189644
  48    6 76.18829659
  48    7 80.17083993
  48    8 84.04477980
  48    9 87.83351663
  48   10 91.55348723
  48   11 95.21673264
  48   12 98.83236544
  48   13 102.40746339
  48   14 105.94764179
  48   15 109.45743525
  48   16 112.94056098
  48   17 116.40010562
  48   18 119.83866105
  48   19 123.25842510
  48   20 126.66127769
  48   21 130.04883933
  48   22 133.42251659
  48   23 136.78353803
  48   24 140.13298284
  48   25 143.47180393
  48   26 146.80084668
  48   27 150.12086438
  48   28 153.43253096
  48   29 156.73645161
  48   30 160.03317164
  48   31 163.32318406
  48   32 166.60693587
  48   33 169.88483357
  48   34 173.15724773
  48   35 176.42451710
  48   36 179.68695199
  48   37 182.94483733
  48   38 186.19843530
  48   39 189.44798760
  48   40 192.69371751
  48   41 195.93583160
  48   42 199.17452140
  48   43 202.40996468
  48   44 205.64232679
  48   45 208.87176169
  48   46 212.09841296
  48   47 215.32241471
  48   48 218.54389231
  48   49 221.76296316
  48   50 224.97973730
  49    1 51.97775935
  49    2 58.96611015
  49    3 64.18598460
  49    4 68.84353482
  49    5 73.18986951
  49    6 77.33256282
  49    7 81.32971886
  49    8 85.21693177
  49    9 89.01783829
  49   10 92.74904815
  49   11 96.42273401
  49   12 100.04811170
  49   13 103.63234198
  49   14 107.18110818
  49   15 110.69900154
  49   16 114.18978708
  49   17 117.65659228
  49   18 121.10204422
  49   19 124.52837136
  49   20 127.93748046
  49   21 131.33101571
  49   22 134.71040470
  49   23 138.07689476
  49   24 141.43158190
  49   25 144.77543415
  49   26 148.10931061
  49   27 151.43397698
  49   28 154.75011852
  49   29 158.05835073
  49   30 161.35922842
  49   31 164.65325326
  49   32 167.94088027
  49   33 171.22252332
  49   34 174.49855983
  49   35 177.76933484
  49   36 181.03516456
  49   37 184.29633938
  49   38 187.55312656
  49   39 190.80577256
  49   40 194.05450508
  49   41 197.29953486
  49   42 200.54105730
  49   43 203.77925385
  49   44 207.01429327
  49   45 210.24633275
  49   46 213.47551892
  49   47 216.70198873
  49   48 219.92587029
  49   49 223.14728353
  49   50 226.36634091
