   0    1 2.40482556
   0    2 5.52007811
   0    3 8.65372791
   0    4 11.79153444
   0    5 14.93091771
   0    6 18.07106397
   0    7 21.21163663
   0    8 24.35247153
   0    9 27.49347913
   0   10 30.63460647
   0   11 33.77582021
   0   12 36.91709835
   0   13 40.05842576
   0   14 43.19979171
   0   15 46.34118837
   0   16 49.48260990
   0   17 52.62405184
   0   18 55.76551076
   0   19 58.90698393
   0   20 62.04846919
   0   21 65.18996480
   0   22 68.33146933
   0   23 71.47298160
   0   24 74.61450064
   0   25 77.75602563
   0   26 80.89755587
   0   27 84.03909078
   0   28 87.18062984
   0   29 90.32217264
   0   30 93.46371878
   0   31 96.60526795
   0   32 99.74681986
   0   33 102.88837425
   0   34 106.02993092
   0   35 109.17148965
   0   36 112.31305028
   0   37 115.45461265
   0   38 118.59617663
   0   39 121.73774209
   0   40 124.87930891
   0   41 128.02087701
   0   42 131.16244628
   0   43 134.30401664
   0   44 137.44558802
   0   45 140.58716035
   0   46 143.72873357
   0   47 146.87030763
   0   48 150.01188246
   0   49 153.15345802
   0   50 156.29503427
   1    1 3.83170597
   1    2 7.01558667
   1    3 10.17346814
   1    4 13.32369194
   1    5 16.47063005
   1    6 19.61585851
   1    7 22.76008438
   1    8 25.90367209
   1    9 29.04682853
   1   10 32.18967991
   1   11 35.33230755
   1   12 38.47476623
   1   13 41.61709421
   1   14 44.75931900
   1   15 47.90146089
   1   16 51.04353518
   1   17 54.18555364
   1   18 57.32752544
   1   19 60.46945785
   1   20 63.61135670
   1   21 66.75322673
   1   22 69.89507184
   1   23 73.03689523
   1   24 76.17869958
   1   25 79.32048718
   1   26 82.46225991
   1   27 85.60401944
   1   28 88.74576714
   1   29 91.88750425
   1   30 95.02923181
   1   31 98.17095073
   1   32 101.31266182
   1   33 104.45436579
   1   34 107.59606326
   1   35 110.73775478
   1   36 113.87944085
   1   37 117.02112190
   1   38 120.16279833
   1   39 123.30447049
   1   40 126.44613870
   1   41 129.58780325
   1   42 132.72946439
   1   43 135.87112236
   1   44 139.01277739
   1   45 142.15442966
   1   46 145.29607935
   1   47 148.43772662
   1   48 151.57937163
   1   49 154.72101452
   1   50 157.86265540
   2    1 5.13562230
   2    2 8.41724414
   2    3 11.61984117
   2    4 14.79595178
   2    5 17.95981949
   2    6 21.11699705
   2    7 24.27011231
   2    8 27.42057355
   2    9 30.56920450
   2   10 33.71651951
   2   11 36.86285651
   2   12 40.00844673
   2   13 43.15345378
   2   14 46.29799668
   2   15 49.44216411
   2   16 52.58602351
   2   17 55.72962705
   2   18 58.87301577
   2   19 62.01622236
   2   20 65.15927319
   2   21 68.30218978
   2   22 71.44498987
   2   23 74.58768817
   2   24 77.73029706
   2   25 80.87282695
   2   26 84.01528671
   2   27 87.15768394
   2   28 90.30002515
   2   29 93.44231602
   2   30 96.58456145
   2   31 99.72676573
   2   32 102.86893265
   2   33 106.01106552
   2   34 109.15316729
   2   35 112.29524056
   2   36 115.43728766
   2   37 118.57931068
   2   38 121.72131148
   2   39 124.86329174
   2   40 128.00525297
   2   41 131.14719653
   2   42 134.28912367
   2   43 137.43103552
   2   44 140.57293310
   2   45 143.71481735
   2   46 146.85668912
   2   47 149.99854919
   2   48 153.14039829
   2   49 156.28223708
   2   50 159.42406617
   3    1 6.38016190
   3    2 9.76102313
   3    3 13.01520072
   3    4 16.22346616
   3    5 19.40941523
   3    6 22.58272959
   3    7 25.74816670
   3    8 28.90835078
   3    9 32.06485241
   3   10 35.21867074
   3   11 38.37047243
   3   12 41.52071967
   3   13 44.66974312
   3   14 47.81778569
   3   15 50.96502991
   3   16 54.11161557
   3   17 57.25765160
   3   18 60.40322414
   3   19 63.54840218
   3   20 66.69324167
   3   21 69.83778844
   3   22 72.98208040
   3   23 76.12614918
   3   24 79.27002139
   3   25 82.41371955
   3   26 85.55726287
   3   27 88.70066784
   3   28 91.84394868
   3   29 94.98711773
   3   30 98.13018573
   3   31 101.27316212
   3   32 104.41605517
   3   33 107.55887218
   3   34 110.70161965
   3   35 113.84430334
   3   36 116.98692838
   3   37 120.12949939
   3   38 123.27202050
   3   39 126.41449544
   3   40 129.55692756
   3   41 132.69931991
   3   42 135.84167526
   3   43 138.98399610
   3   44 142.12628474
   3   45 145.26854326
   3   46 148.41077358
   3   47 151.55297745
   3   48 154.69515649
   3   49 157.83731217
   3   50 160.97944587
   4    1 7.58834243
   4    2 11.06470949
   4    3 14.37253667
   4    4 17.61596605
   4    5 20.82693296
   4    6 24.01901952
   4    7 27.19908777
   4    8 30.37100767
   4    9 33.53713771
   4   10 36.69900113
   4   11 39.85762730
   4   12 43.01373772
   4   13 46.16785351
   4   14 49.32036069
   4   15 52.47155140
   4   16 55.62165091
   4   17 58.77083574
   4   18 61.91924620
   4   19 65.06699526
   4   20 68.21417486
   4   21 71.36086067
   4   22 74.50711546
   4   23 77.65299182
   4   24 80.79853407
   4   25 83.94377989
   4   26 87.08876147
   4   27 90.23350652
   4   28 93.37803898
   4   29 96.52237969
   4   30 99.66654682
   4   31 102.81055633
   4   32 105.95442227
   4   33 109.09815708
   4   34 112.24177180
   4   35 115.38527625
   4   36 118.52867922
   4   37 121.67198858
   4   38 124.81521142
   4   39 127.95835412
   4   40 131.10142245
   4   41 134.24442164
   4   42 137.38735644
   4   43 140.53023118
   4   44 143.67304979
   4   45 146.81581590
   4   46 149.95853279
   4   47 153.10120351
   4   48 156.24383085
   4   49 159.38641736
   4   50 162.52896543
   5    1 8.77148382
   5    2 12.33860420
   5    3 15.70017408
   5    4 18.98013388
   5    5 22.21779990
   5    6 25.43034115
   5    7 28.62661831
   5    8 31.81171672
   5    9 34.98878129
   5   10 38.15986856
   5   11 41.32638325
   5   12 44.48931912
   5   13 47.64939981
   5   14 50.80716520
   5   15 53.96302656
   5   16 57.11730278
   5   17 60.27024507
   5   18 63.42205405
   5   19 66.57289189
   5   20 69.72289116
   5   21 72.87216130
   5   22 76.02079343
   5   23 79.16886409
   5   24 82.31643800
   5   25 85.46357030
   5   26 88.61030824
   5   27 91.75669254
   5   28 94.90275852
   5   29 98.04853691
   5   30 101.19405463
   5   31 104.33933531
   5   32 107.48439983
   5   33 110.62926667
   5   34 113.77395226
   5   35 116.91847126
   5   36 120.06283680
   5   37 123.20706064
   5   38 126.35115339
   5   39 129.49512461
   5   40 132.63898297
   5   41 135.78273630
   5   42 138.92639176
   5   43 142.06995586
   5   44 145.21343453
   5   45 148.35683321
   5   46 151.50015689
   5   47 154.64341015
   5   48 157.78659721
   5   49 160.92972194
   5   50 164.07278793
   6    1 9.93610952
   6    2 13.58929017
   6    3 17.00381967
   6    4 20.32078921
   6    5 23.58608444
   6    6 26.82015198
   6    7 30.03372239
   6    8 33.23304176
   6    9 36.42201967
   6   10 39.60323942
   6   11 42.77848161
   6   12 45.94901600
   6   13 49.11577372
   6   14 52.27945390
   6   15 55.44059207
   6   16 58.59960563
   6   17 61.75682490
   6   18 64.91251478
   6   19 68.06689027
   6   20 71.22012770
   6   21 74.37237311
   6   22 77.52374850
   6   23 80.67435660
   6   24 83.82428452
   6   25 86.97360663
   6   26 90.12238683
   6   27 93.27068030
   6   28 96.41853497
   6   29 99.56599267
   6   30 102.71309005
   6   31 105.85985938
   6   32 109.00632919
   6   33 112.15252478
   6   34 115.29846869
   6   35 118.44418103
   6   36 121.58967984
   6   37 124.73498132
   6   38 127.88010007
   6   39 131.02504929
   6   40 134.16984093
   6   41 137.31448584
   6   42 140.45899391
   6   43 143.60337414
   6   44 146.74763477
   6   45 149.89178335
   6   46 153.03582678
   6   47 156.17977144
   6   48 159.32362318
   6   49 162.46738741
   6   50 165.61106911
   7    1 11.08637002
   7    2 14.82126873
   7    3 18.28758283
   7    4 21.64154102
   7    5 24.93492789
   7    6 28.19118846
   7    7 31.42279419
   7    8 34.63708935
   7    9 37.83871738
   7   10 41.03077369
   7   11 44.21540851
   7   12 47.39416576
   7   13 50.56818468
   7   14 53.73832537
   7   15 56.90524999
   7   16 60.06947700
   7   17 63.23141837
   7   18 66.39140576
   7   19 69.54970927
   7   20 72.70655117
   7   21 75.86211608
   7   22 79.01655863
   7   23 82.17000939
   7   24 85.32257933
   7   25 88.47436342
   7   26 91.62544340
   7   27 94.77589002
   7   28 97.92576484
   7   29 101.07512166
   7   30 104.22400772
   7   31 107.37246468
   7   32 110.52052942
   7   33 113.66823467
   7   34 116.81560966
   7   35 119.96268048
   7   36 123.10947057
   7   37 126.25600101
   7   38 129.40229081
   7   39 132.54835716
   7   40 135.69421567
   7   41 138.83988051
   7   42 141.98536460
   7   43 145.13067973
   7   44 148.27583667
   7   45 151.42084532
   7   46 154.56571475
   7   47 157.71045331
   7   48 160.85506870
   7   49 163.99956802
   7   50 167.14395783
   8    1 12.22509226
   8    2 16.03777419
   8    3 19.55453643
   8    4 22.94517313
   8    5 26.26681464
   8    6 29.54565967
   8    7 32.79580004
   8    8 36.02561506
   8    9 39.24044800
   8   10 42.44388774
   8   11 45.63844418
   8   12 48.82593038
   8   13 52.00769146
   8   14 55.18474794
   8   15 58.35788903
   8   16 61.52773517
   8   17 64.69478124
   8   18 67.85942699
   8   19 71.02199904
   8   20 74.18276693
   8   21 77.34195516
   8   22 80.49975227
   8   23 83.65631779
   8   24 86.81178765
   8   25 89.96627840
   8   26 93.11989054
   8   27 96.27271125
   8   28 99.42481648
   8   29 102.57627274
   8   30 105.72713851
   8   31 108.87746543
   8   32 112.02729929
   8   33 115.17668080
   8   34 118.32564630
   8   35 121.47422834
   8   36 124.62245614
   8   37 127.77035603
   8   38 130.91795177
   8   39 134.06526490
   8   40 137.21231495
   8   41 140.35911970
   8   42 143.50569535
   8   43 146.65205670
   8   44 149.79821731
   8   45 152.94418961
   8   46 156.08998503
   8   47 159.23561409
   8   48 162.38108649
   8   49 165.52641118
   8   50 168.67159646
   9    1 13.35430048
   9    2 17.24122038
   9    3 20.80704779
   9    4 24.23388526
   9    5 27.58374896
   9    6 30.88537897
   9    7 34.15437792
   9    8 37.40009998
   9    9 40.62855372
   9   10 43.84380142
   9   11 47.04870074
   9   12 50.24532696
   9   13 53.43522716
   9   14 56.61958027
   9   15 59.79930163
   9   16 62.97511353
   9   17 66.14759402
   9   18 69.31721152
   9   19 72.48434982
   9   20 75.64932654
   9   21 78.81240687
   9   22 81.97381406
   9   23 85.13373741
   9   24 88.29233855
   9   25 91.44975632
   9   26 94.60611070
   9   27 97.76150589
   9   28 100.91603286
   9   29 104.06977136
   9   30 107.22279165
   9   31 110.37515584
   9   32 113.52691905
   9   33 116.67813038
   9   34 119.82883371
   9   35 122.97906837
   9   36 126.12886972
   9   37 129.27826963
   9   38 132.42729694
   9   39 135.57597775
   9   40 138.72433580
   9   41 141.87239270
   9   42 145.02016815
   9   43 148.16768018
   9   44 151.31494531
   9   45 154.46197871
   9   46 157.60879431
   9   47 160.75540495
   9   48 163.90182250
   9   49 167.04805790
   9   50 170.19412130
  10    1 14.47550069
  10    2 18.43346367
  10    3 22.04698536
  10    4 25.50945055
  10    5 28.88737506
  10    6 32.21185620
  10    7 35.49990921
  10    8 38.76180702
  10    9 42.00419024
  10   10 45.23157410
  10   11 48.44715139
  10   12 51.65325167
  10   13 54.85161908
  10   14 58.04358793
  10   15 61.23019798
  10   16 64.41227241
  10   17 67.59047207
  10   18 70.76533400
  10   19 73.93729938
  10   20 77.10673425
  10   21 80.27394491
  10   22 83.43918980
  10   23 86.60268848
  10   24 89.76462879
  10   25 92.92517238
  10   26 96.08445917
  10   27 99.24261087
  10   28 102.39973390
  10   29 105.55592171
  10   30 108.71125670
  10   31 111.86581184
  10   32 115.01965195
  10   33 118.17283486
  10   34 121.32541227
  10   35 124.47743061
  10   36 127.62893164
  10   37 130.77995306
  10   38 133.93052898
  10   39 137.08069034
  10   40 140.23046527
  10   41 143.37987941
  10   42 146.52895616
  10   43 149.67771696
  10   44 152.82618144
  10   45 155.97436765
  10   46 159.12229220
  10   47 162.26997039
  10   48 165.41741635
  10   49 168.56464316
  10   50 171.71166291
  11    1 15.58984788
  11    2 19.61596690
  11    3 23.27585373
  11    4 26.77332255
  11    5 30.17906118
  11    6 33.52636408
  11    7 36.83357134
  11    8 40.11182327
  11    9 43.36836095
  11   10 46.60813268
  11   11 49.83465351
  11   12 53.05049896
  11   13 56.25760472
  11   14 59.45745691
  11   15 62.65121739
  11   16 65.83980880
  11   17 69.02397393
  11   18 72.20431796
  11   19 75.38133933
  11   20 78.55545246
  11   21 81.72700494
  11   22 84.89629058
  11   23 88.06355952
  11   24 91.22902609
  11   25 94.39287509
  11   26 97.55526669
  11   27 100.71634047
  11   28 103.87621862
  11   29 107.03500857
  11   30 110.19280522
  11   31 113.34969265
  11   32 116.50574569
  11   33 119.66103113
  11   34 122.81560878
  11   35 125.96953239
  11   36 129.12285034
  11   37 132.27560638
  11   38 135.42784009
  11   39 138.57958743
  11   40 141.73088111
  11   41 144.88175097
  11   42 148.03222428
  11   43 151.18232600
  11   44 154.33207905
  11   45 157.48150449
  11   46 160.63062171
  11   47 163.77944859
  11   48 166.92800168
  11   49 170.07629624
  11   50 173.22434647
  12    1 16.69824993
  12    2 20.78990636
  12    3 24.49488504
  12    4 28.02670995
  12    5 31.45996004
  12    6 34.82998699
  12    7 38.15637750
  12    8 41.45109231
  12    9 44.72194354
  12   10 47.97429353
  12   11 51.21196700
  12   12 54.43777693
  12   13 57.65384481
  12   14 60.86180468
  12   15 64.06293782
  12   16 67.25826456
  12   17 70.44860840
  12   18 73.63464196
  12   19 76.81692044
  12   20 79.99590644
  12   21 83.17198872
  12   22 86.34549652
  12   23 89.51671063
  12   24 92.68587205
  12   25 95.85318889
  12   26 99.01884180
  12   27 102.18298842
  12   28 105.34576695
  12   29 108.50729906
  12   30 111.66769230
  12   31 114.82704216
  12   32 117.98543364
  12   33 121.14294273
  12   34 124.29963753
  12   35 127.45557930
  12   36 130.61082324
  12   37 133.76541929
  12   38 136.91941271
  12   39 140.07284461
  12   40 143.22575244
  12   41 146.37817038
  12   42 149.53012967
  12   43 152.68165898
  12   44 155.83278459
  12   45 158.98353070
  12   46 162.13391960
  12   47 165.28397186
  12   48 168.43370649
  12   49 171.58314112
  12   50 174.73229205
  13    1 17.80143515
  13    2 21.95624407
  13    3 25.70510305
  13    4 29.27063044
  13    5 32.73105331
  13    6 36.12365767
  13    7 39.46920683
  13    8 42.78043927
  13    9 46.06571091
  13   10 49.33078010
  13   11 52.57976906
  13   12 55.81571988
  13   13 59.04093404
  13   14 62.25718939
  13   15 65.46588380
  13   16 68.66813322
  13   17 71.86484051
  13   18 75.05674474
  13   19 78.24445722
  13   20 81.42848829
  13   21 84.60926767
  13   22 87.78715986
  13   23 90.96247628
  13   24 94.13548463
  13   25 97.30641638
  13   26 100.47547280
  13   27 103.64282970
  13   28 106.80864143
  13   29 109.97304405
  13   30 113.13615796
  13   31 116.29809015
  13   32 119.45893600
  13   33 122.61878084
  13   34 125.77770123
  13   35 128.93576606
  13   36 132.09303754
  13   37 135.24957191
  13   38 138.40542024
  13   39 141.56062893
  13   40 144.71524029
  13   41 147.86929295
  13   42 151.02282228
  13   43 154.17586070
  13   44 157.32843800
  13   45 160.48058160
  13   46 163.63231679
  13   47 166.78366690
  13   48 169.93465353
  13   49 173.08529669
  13   50 176.23561493
  14    1 18.89999795
  14    2 23.11577835
  14    3 26.90736898
  14    4 30.50595016
  14    5 33.99318498
  14    6 37.40818513
  14    7 40.77282785
  14    8 44.10059057
  14    9 47.40034778
  14   10 50.67823695
  14   11 53.93866621
  14   12 57.18489860
  14   13 60.41940985
  14   14 63.64411751
  14   15 66.86053301
  14   16 70.06986583
  14   17 73.27309662
  14   18 76.47102976
  14   19 79.66433188
  14   20 82.85356054
  14   21 86.03918598
  14   22 89.22160778
  14   23 92.40116781
  14   24 95.57816038
  14   25 98.75284036
  14   26 101.92542960
  14   27 105.09612218
  14   28 108.26508867
  14   29 111.43247958
  14   30 114.59842828
  14   31 117.76305340
  14   32 120.92646079
  14   33 124.08874523
  14   34 127.24999185
  14   35 130.41027733
  14   36 133.56967093
  14   37 136.72823538
  14   38 139.88602761
  14   39 143.04309944
  14   40 146.19949814
  14   41 149.35526690
  14   42 152.51044527
  14   43 155.66506956
  14   44 158.81917313
  14   45 161.97278672
  14   46 165.12593867
  14   47 168.27865519
  14   48 171.43096051
  14   49 174.58287710
  14   50 177.73442583
  15    1 19.99443063
  15    2 24.26918003
  15    3 28.10241523
  15    4 31.73341334
  15    5 35.24708679
  15    6 38.68427639
  15    7 42.06791700
  15    8 45.41218961
  15    9 48.72646412
  15   10 52.01724128
  15   11 55.28920415
  15   12 58.54582890
  15   13 61.78975990
  15   14 65.02305025
  15   15 68.24732200
  15   16 71.46387589
  15   17 74.67376871
  15   18 77.87786897
  15   19 81.07689772
  15   20 84.27145907
  15   21 87.46206333
  15   22 90.64914480
  15   23 93.83307557
  15   24 97.01417644
  15   25 100.19272555
  15   26 103.36896532
  15   27 106.54310808
  15   28 109.71534063
  15   29 112.88582801
  15   30 116.05471661
  15   31 119.22213673
  15   32 122.38820479
  15   33 125.55302510
  15   34 128.71669145
  15   35 131.87928838
  15   36 135.04089230
  15   37 138.20157249
  15   38 141.36139187
  15   39 144.52040775
  15   40 147.67867242
  15   41 150.83623371
  15   42 153.99313547
  15   43 157.14941792
  15   44 160.30511811
  15   45 163.46027013
  15   46 166.61490548
  15   47 169.76905326
  15   48 172.92274044
  15   49 176.07599201
  15   50 179.22883118
  16    1 21.08514611
  16    2 25.41701901
  16    3 29.29087070
  16    4 32.95366489
  16    5 36.49339791
  16    6 39.95255349
  16    7 43.35507320
  16    8 46.71580944
  16    9 50.04460602
  16   10 53.34831233
  16   11 56.63187594
  16   12 59.89897873
  16   13 63.15242819
  16   14 66.39440904
  16   15 69.62665088
  16   16 72.85054351
  16   17 76.06721817
  16   18 79.27760620
  16   19 82.48248211
  16   20 85.68249584
  16   21 88.87819724
  16   22 92.07005490
  16   23 95.25847087
  16   24 98.44379219
  16   25 101.62632016
  16   26 104.80631766
  16   27 107.98401523
  16   28 111.15961587
  16   29 114.33329914
  16   30 117.50522445
  16   31 120.67553386
  16   32 123.84435435
  16   33 127.01179984
  16   34 130.17797281
  16   35 133.34296574
  16   36 136.50686227
  16   37 139.66973827
  16   38 142.83166272
  16   39 145.99269847
  16   40 149.15290292
  16   41 152.31232861
  16   42 155.47102371
  16   43 158.62903248
  16   44 161.78639564
  16   45 164.94315076
  16   46 168.09933252
  16   47 171.25497299
  16   48 174.41010189
  16   49 177.56474681
  16   50 180.71893336
  17    1 22.17249462
  17    2 26.55978414
  17    3 30.47327995
  17    4 34.16726785
  17    5 37.73268052
  17    6 41.21356706
  17    7 44.63482975
  17    8 48.01196294
  17    9 51.35526465
  17   10 54.67191918
  17   11 57.96712883
  17   12 61.24477410
  17   13 64.50782040
  17   14 67.75858011
  17   15 70.99888749
  17   16 74.23021912
  17   17 77.45377900
  17   18 80.67055998
  17   19 83.88138905
  17   20 87.08696117
  17   21 90.28786514
  17   22 93.48460342
  17   23 96.67760765
  17   24 99.86725087
  17   25 103.05385733
  17   26 106.23771026
  17   27 109.41905827
  17   28 112.59812055
  17   29 115.77509113
  17   30 118.95014243
  17   31 122.12342824
  17   32 125.29508615
  17   33 128.46523971
  17   34 131.63400014
  17   35 134.80146786
  17   36 137.96773380
  17   37 141.13288046
  17   38 144.29698294
  17   39 147.46010968
  17   40 150.62232324
  17   41 153.78368091
  17   42 156.94423525
  17   43 160.10403458
  17   44 163.26312338
  17   45 166.42154271
  17   46 169.57933048
  17   47 172.73652180
  17   48 175.89314920
  17   49 179.04924287
  17   50 182.20483087
  18    1 23.25677609
  18    2 27.69789835
  18    3 31.65011815
  18    4 35.37471722
  18    5 38.96543205
  18    6 42.46780721
  18    7 45.90766387
  18    8 49.30111134
  18    9 52.65888365
  18   10 55.98848722
  18   11 59.29536994
  18   12 62.58360418
  18   13 65.85630828
  18   14 69.11591850
  18   15 72.36437087
  18   16 75.60322657
  18   17 78.83376063
  18   18 82.05702611
  18   19 85.27390141
  18   20 88.48512576
  18   21 91.69132626
  18   22 94.89303872
  18   23 98.09072402
  18   24 101.28478091
  18   25 104.47555635
  18   26 107.66335375
  18   27 110.84843970
  18   28 114.03104944
  18   29 117.21139142
  18   30 120.38965105
  18   31 123.56599381
  18   32 126.74056792
  18   33 129.91350652
  18   34 133.08492960
  18   35 136.25494557
  18   36 139.42365263
  18   37 142.59114000
  18   38 145.75748887
  18   39 148.92277333
  18   40 152.08706115
  18   41 155.25041440
  18   42 158.41289006
  18   43 161.57454055
  18   44 164.73541416
  18   45 167.89555548
  18   46 171.05500571
  18   47 174.21380299
  18   48 177.37198271
  18   49 180.52957773
  18   50 183.68661859
  19    1 24.33824962
  19    2 28.83173035
  19    3 32.82180276
  19    4 36.57645076
  19    5 40.19209510
  19    6 43.71571242
  19    7 47.17400457
  19    8 50.58367114
  19    9 53.95586528
  19   10 57.29840365
  19   11 60.61697113
  19   12 63.91582558
  19   13 67.19823350
  19   14 70.46675142
  19   15 73.72341433
  19   16 76.96986585
  19   17 80.20745037
  19   18 83.43727983
  19   19 86.66028299
  19   20 89.87724253
  19   21 93.08882319
  19   22 96.29559365
  19   23 99.49804359
  19   24 102.69659716
  19   25 105.89162379
  19   26 109.08344685
  19   27 112.27235076
  19   28 115.45858672
  19   29 118.64237751
  19   30 121.82392144
  19   31 125.00339567
  19   32 128.18095899
  19   33 131.35675416
  19   34 134.53090991
  19   35 137.70354262
  19   36 140.87475783
  19   37 144.04465143
  19   38 147.21331077
  19   39 150.38081561
  19   40 153.54723893
  19   41 156.71264761
  19   42 159.87710310
  19   43 163.04066196
  19   44 166.20337631
  19   45 169.36529427
  19   46 172.52646038
  19   47 175.68691587
  19   48 178.84669901
  19   49 182.00584532
  19   50 185.16438789
  20    1 25.41714081
  20    2 29.96160379
  20    3 33.98870279
  20    4 37.77285784
  20    5 41.41306551
  20    6 44.95767675
  20    7 48.43423920
  20    8 51.86001993
  20    9 55.24657561
  20   10 58.60202207
  20   11 61.93227307
  20   12 65.24176599
  20   13 68.53391094
  20   14 71.81138120
  20   15 75.07630808
  20   16 78.33041549
  20   17 81.57511555
  20   18 84.81157774
  20   19 88.04078020
  20   20 91.26354816
  20   21 94.48058339
  20   22 97.69248687
  20   23 100.89977667
  20   24 104.10290200
  20   25 107.30225447
  20   26 110.49817724
  20   27 113.69097235
  20   28 116.88090682
  20   29 120.06821766
  20   30 123.25311603
  20   31 126.43579068
  20   32 129.61641094
  20   33 132.79512915
  20   34 135.97208276
  20   35 139.14739615
  20   36 142.32118214
  20   37 145.49354333
  20   38 148.66457323
  20   39 151.83435729
  20   40 155.00297369
  20   41 158.17049419
  20   42 161.33698470
  20   43 164.50250593
  20   44 167.66711385
  20   45 170.83086019
  20   46 173.99379280
  20   47 177.15595604
  20   48 180.31739107
  20   49 183.47813615
  20   50 186.63822689
  21    1 26.49364742
  21    2 31.08780455
  21    3 35.15114624
  21    4 38.96428655
  21    5 42.62869893
  21    6 46.19405589
  21    7 49.68871882
  21    8 53.13050125
  21    9 56.53134890
  21   10 59.89966640
  21   11 63.24158883
  21   12 66.56172740
  21   13 69.86363151
  21   14 73.15008789
  21   15 76.42332153
  21   16 79.68513463
  21   17 82.93700539
  21   18 86.18015958
  21   19 89.41562363
  21   20 92.64426455
  21   21 95.86682042
  21   22 99.08392402
  21   23 102.29612135
  21   24 105.50388632
  21   25 108.70763245
  21   26 111.90772242
  21   27 115.10447574
  21   28 118.29817509
  21   29 121.48907160
  21   30 124.67738915
  21   31 127.86332804
  21   32 131.04706808
  21   33 134.22877113
  21   34 137.40858335
  21   35 140.58663707
  21   36 143.76305240
  21   37 146.93793865
  21   38 150.11139549
  21   39 153.28351403
  21   40 156.45437772
  21   41 159.62406315
  21   42 162.79264072
  21   43 165.96017532
  21   44 169.12672679
  21   45 172.29235046
  21   46 175.45709754
  21   47 178.62101552
  21   48 181.78414849
  21   49 184.94653744
  21   50 188.10822054
  22    1 27.56794389
  22    2 32.21058655
  22    3 36.30942622
  22    4 40.15104948
  22    5 43.83931625
  22    6 47.42517216
  22    7 50.93776279
  22    8 54.39542874
  22    9 57.81049128
  22   10 61.19163422
  22   11 64.54520682
  22   12 67.87598877
  22   13 71.18766463
  22   14 74.48313143
  22   15 77.76470532
  22   16 81.03426485
  22   17 84.29335269
  22   18 87.54324965
  22   19 90.78502946
  22   20 94.01960005
  22   21 97.24773515
  22   22 100.47009879
  22   23 103.68726447
  22   24 106.89973040
  22   25 110.10793176
  22   26 113.31225047
  22   27 116.51302330
  22   28 119.71054847
  22   29 122.90509105
  22   30 126.09688757
  22   31 129.28614979
  22   32 132.47306790
  22   33 135.65781326
  22   34 138.84054070
  22   35 142.02139045
  22   36 145.20048992
  22   37 148.37795507
  22   38 151.55389174
  22   39 154.72839672
  22   40 157.90155869
  22   41 161.07345909
  22   42 164.24417285
  22   43 167.41376900
  22   44 170.58231129
  22   45 173.74985865
  22   46 176.91646567
  22   47 180.08218299
  22   48 183.24705762
  22   49 186.41113333
  22   50 189.57445086
  23    1 28.64018503
  23    2 33.33017653
  23    3 37.46380582
  23    4 41.33342861
  23    5 45.04520818
  23    6 48.65131867
  23    7 52.18166260
  23    8 55.65508960
  23    9 59.08428399
  23   10 62.47819969
  23   11 65.84339347
  23   12 69.18480841
  23   13 72.50626038
  23   14 75.81075362
  23   15 79.10069309
  23   16 82.37803176
  23   17 85.64437527
  23   18 88.90105823
  23   19 92.14920065
  23   20 95.38975058
  23   21 98.62351675
  23   22 101.85119387
  23   23 105.07338247
  23   24 108.29060476
  23   25 111.50331717
  23   26 114.71192069
  23   27 117.91676914
  23   28 121.11817605
  23   29 124.31642033
  23   30 127.51175104
  23   31 130.70439128
  23   32 133.89454157
  23   33 137.08238271
  23   34 140.26807811
  23   35 143.45177593
  23   36 146.63361077
  23   37 149.81370529
  23   38 152.99217145
  23   39 156.16911169
  23   40 159.34461995
  23   41 162.51878252
  23   42 165.69167882
  23   43 168.86338206
  23   44 172.03395989
  23   45 175.20347485
  23   46 178.37198493
  23   47 181.53954390
  23   48 184.70620176
  23   49 187.87200500
  23   50 191.03699698
  24    1 29.71050889
  24    2 34.44677788
  24    3 38.61452222
  24    4 42.51167929
  24    5 46.24663901
  24    6 49.87276289
  24    7 53.42068513
  24    8 56.90974762
  24    9 60.35298606
  24   10 63.75961602
  24   11 67.13639545
  24   12 70.48842608
  24   13 73.81965135
  24   14 77.13317984
  24   15 80.43150305
  24   16 83.71664648
  24   17 86.99027731
  24   18 90.25378273
  24   19 93.50832805
  24   20 96.75490067
  24   21 99.99434362
  24   22 103.22738176
  24   23 106.45464223
  24   24 109.67667080
  24   25 112.89394491
  24   26 116.10688431
  24   27 119.31585965
  24   28 122.52119962
  24   29 125.72319683
  24   30 128.92211270
  24   31 132.11818160
  24   32 135.31161431
  24   33 138.50260095
  24   34 141.69131351
  24   35 144.87790796
  24   36 148.06252615
  24   37 151.24529733
  24   38 154.42633959
  24   39 157.60576102
  24   40 160.78366078
  24   41 163.96013001
  24   42 167.13525261
  24   43 170.30910600
  24   44 173.48176168
  24   45 176.65328586
  24   46 179.82373989
  24   47 182.99318070
  24   48 186.16166126
  24   49 189.32923084
  24   50 192.49593539
  25    1 30.77903919
  25    2 35.56057387
  25    3 39.76179013
  25    4 43.68603357
  25    5 47.44384986
  25    6 51.08974967
  25    7 54.65507544
  25    8 58.15964575
  25    9 61.61683670
  25   10 65.03611761
  25   11 68.42444169
  25   12 71.78706476
  25   13 75.12805433
  25   14 78.45062059
  25   15 81.75733933
  25   16 85.05030687
  25   17 88.33125049
  25   18 91.60160877
  25   19 94.86259141
  25   20 98.11522432
  25   21 101.36038424
  25   22 104.59882561
  25   23 107.83120171
  25   24 111.05808153
  25   25 114.27996319
  25   26 117.49728494
  25   27 120.71043405
  25   28 123.91975417
  25   29 127.12555144
  25   30 130.32809954
  25   31 133.52764399
  25   32 136.72440573
  25   33 139.91858414
  25   34 143.11035970
  25   35 146.29989620
  25   36 149.48734261
  25   37 152.67283479
  25   38 155.85649693
  25   39 159.03844274
  25   40 162.21877658
  25   41 165.39759442
  25   42 168.57498467
  25   43 171.75102890
  25   44 174.92580252
  25   45 178.09937534
  25   46 181.27181210
  25   47 184.44317293
  25   48 187.61351372
  25   49 190.78288655
  25   50 193.95133996
  26    1 31.84588728
  26    2 36.67173025
  26    3 40.90580460
  26    4 44.85670310
  26    5 48.63706136
  26    6 52.30250378
  26    7 55.88505919
  26    8 59.40500828
  26    9 62.87605735
  26   10 66.30792198
  26   11 69.70774506
  26   12 73.08093223
  26   13 76.43167175
  26   14 79.76327275
  26   15 83.07839324
  26   16 86.37919868
  26   17 89.66747501
  26   18 92.94471114
  26   19 96.21216020
  26   20 99.47088587
  26   21 102.72179791
  26   22 105.96567984
  26   23 109.20321066
  26   24 112.43498216
  26   25 115.66151285
  26   26 118.88325920
  26   27 122.10062487
  26   28 125.31396831
  26   29 128.52360902
  26   30 131.72983280
  26   31 134.93289621
  26   32 138.13303022
  26   33 141.33044345
  26   34 144.52532477
  26   35 147.71784570
  26   36 150.90816234
  26   37 154.09641712
  26   38 157.28274025
  26   39 160.46725105
  26   40 163.65005909
  26   41 166.83126514
  26   42 170.01096207
  26   43 173.18923564
  26   44 176.36616512
  26   45 179.54182396
  26   46 182.71628028
  26   47 185.88959736
  26   48 189.06183408
  26   49 192.23304529
  26   50 195.40328213
  27    1 32.91115380
  27    2 37.78039755
  27    3 42.04674343
  27    4 46.02388150
  27    5 49.82647605
  27    6 53.51123217
  27    7 57.11084469
  27    8 60.64604280
  27    9 64.13085343
  27   10 67.57523137
  27   11 70.98650393
  27   12 74.37022251
  27   13 77.73069297
  27   14 81.07132085
  27   15 84.39484439
  27   16 87.70349652
  27   17 90.99912058
  27   18 94.28325468
  27   19 97.55719447
  27   20 100.82204067
  27   21 104.07873544
  27   22 107.32809085
  27   23 110.57081115
  27   24 113.80751061
  27   25 117.03872777
  27   26 120.26493709
  27   27 123.48655840
  27   28 126.70396471
  27   29 129.91748874
  27   30 133.12742829
  27   31 136.33405082
  27   32 139.53759726
  27   33 142.73828533
  27   34 145.93631226
  27   35 149.13185725
  27   36 152.32508345
  27   37 155.51613980
  27   38 158.70516254
  27   39 161.89227657
  27   40 165.07759659
  27   41 168.26122819
  27   42 171.44326869
  27   43 174.62380800
  27   44 177.80292928
  27   45 180.98070957
  27   46 184.15722039
  27   47 187.33252817
  27   48 190.50669476
  27   49 193.67977779
  27   50 196.85183101
  28    1 33.97493006
  28    2 38.88671290
  28    3 43.18476922
  28    4 47.18774643
  28    5 51.01228033
  28    6 54.71612582
  28    7 58.33262471
  28    8 61.88294191
  28    9 65.38141593
  28   10 68.83823422
  28   11 72.26090350
  28   12 75.65511708
  28   13 79.02529541
  28   14 82.37493807
  28   15 85.70686158
  28   16 89.02336481
  28   17 92.32634720
  28   18 95.61739500
  28   19 98.89784554
  28   20 102.16883579
  28   21 105.43133976
  28   22 108.68619751
  28   23 111.93413816
  28   24 115.17579803
  28   25 118.41173543
  28   26 121.64244252
  28   27 124.86835505
  28   28 128.08986045
  28   29 131.30730447
  28   30 134.52099676
  28   31 137.73121555
  28   32 140.93821166
  28   33 144.14221181
  28   34 147.34342151
  28   35 150.54202757
  28   36 153.73820014
  28   37 156.93209463
  28   38 160.12385325
  28   39 163.31360645
  28   40 166.50147407
  28   41 169.68756646
  28   42 172.87198539
  28   43 176.05482489
  28   44 179.23617199
  28   45 182.41610734
  28   46 185.59470582
  28   47 188.77203703
  28   48 191.94816578
  28   49 195.12315246
  28   50 198.29705345
  29    1 35.03729914
  29    2 39.99080163
  29    3 44.32003112
  29    4 48.34846135
  29    5 52.19464617
  29    6 55.91736143
  29    7 59.55057802
  29    8 63.11588460
  29    9 66.62792279
  29   10 70.09710644
  29   11 73.53111696
  29   12 76.93578596
  29   13 80.31564560
  29   14 83.67428722
  29   15 87.01460378
  29   16 90.33895859
  29   17 93.64930594
  29   18 96.94727924
  29   19 100.23425662
  29   20 103.51141063
  29   21 106.77974648
  29   22 110.04013178
  29   23 113.29332001
  29   24 116.53996927
  29   25 119.78065727
  29   26 123.01589361
  29   27 126.24612978
  29   28 129.47176739
  29   29 132.69316507
  29   30 135.91064416
  29   31 139.12449359
  29   32 142.33497390
  29   33 145.54232074
  29   34 148.74674784
  29   35 151.94844953
  29   36 155.14760292
  29   37 158.34436983
  29   38 161.53889843
  29   39 164.73132463
  29   40 167.92177340
  29   41 171.11035984
  29   42 174.29719013
  29   43 177.48236242
  29   44 180.66596758
  29   45 183.84808986
  29   46 187.02880749
  29   47 190.20819323
  29   48 193.38631484
  29   49 196.56323550
  29   50 199.73901418
  30    1 36.09833696
  30    2 41.09277866
  30    3 45.45266629
  30    4 49.50617706
  30    5 53.37373268
  30    6 57.11510286
  30    7 60.76487081
  30    8 64.34503763
  30    9 67.87054009
  30   10 71.35201252
  30   11 74.79730659
  30   12 78.21238872
  30   13 81.60190007
  30   14 84.96952157
  30   15 88.31822085
  30   16 91.65042421
  30   17 94.96813963
  30   18 98.27304667
  30   19 101.56656345
  30   20 104.84989743
  30   21 108.12408442
  30   22 111.39001907
  30   23 114.64847887
  30   24 117.90014326
  30   25 121.14560909
  30   26 124.38540315
  30   27 127.61999240
  30   28 130.84979247
  30   29 134.07517469
  30   30 137.29647198
  30   31 140.51398378
  30   32 143.72798031
  30   33 146.93870603
  30   34 150.14638280
  30   35 153.35121240
  30   36 156.55337885
  30   37 159.75305034
  30   38 162.95038091
  30   39 166.14551195
  30   40 169.33857350
  30   41 172.52968537
  30   42 175.71895814
  30   43 178.90649406
  30   44 182.09238782
  30   45 185.27672726
  30   46 188.45959395
  30   47 191.64106379
  30   48 194.82120749
  30   49 198.00009099
  30   50 201.17777588
  31    1 37.15811302
  31    2 42.19274962
  31    3 46.58280123
  31    4 50.66103300
  31    5 54.54968734
  31    6 58.30950238
  31    7 61.97565781
  31    8 65.57055662
  31    9 69.10942310
  31   10 72.60310655
  31   11 76.05962464
  31   12 79.48507533
  31   13 82.88420617
  31   14 86.26078560
  31   15 89.61785424
  31   16 92.95790001
  31   17 96.28298343
  31   18 99.59482926
  31   19 102.89489483
  31   20 106.18442179
  31   21 109.46447605
  31   22 112.73597880
  31   23 115.99973110
  31   24 119.25643341
  31   25 122.50670143
  31   26 125.75107885
  31   27 128.99004790
  31   28 132.22403802
  31   29 135.45343310
  31   30 138.67857745
  31   31 141.89978096
  31   32 145.11732335
  31   33 148.33145786
  31   34 151.54241434
  31   35 154.75040201
  31   36 157.95561169
  31   37 161.15821789
  31   38 164.35838050
  31   39 167.55624634
  31   40 170.75195047
  31   41 173.94561739
  31   42 177.13736206
  31   43 180.32729079
  31   44 183.51550209
  31   45 186.70208735
  31   46 189.88713149
  31   47 193.07071355
  31   48 196.25290714
  31   49 199.43378100
  31   50 202.61339929
  32    1 38.21669119
  32    2 43.29081186
  32    3 47.71055288
  32    4 51.81315840
  32    5 55.72264719
  32    6 59.50070176
  32    7 63.18308345
  32    8 66.79258704
  32    9 70.34471728
  32   10 73.85053312
  32   11 77.31821421
  32   12 80.75398696
  32   13 84.16270280
  32   14 87.54821571
  32   15 90.91363769
  32   16 94.26151694
  32   17 97.59396544
  32   18 100.91275222
  32   19 104.21937304
  32   20 107.51510314
  32   21 110.80103793
  32   22 114.07812469
  32   23 117.34718766
  32   24 120.60894798
  32   25 123.86403987
  32   26 127.11302369
  32   27 130.35639672
  32   28 133.59460204
  32   29 136.82803588
  32   30 140.05705385
  32   31 143.28197611
  32   32 146.50309183
  32   33 149.72066287
  32   34 152.93492706
  32   35 156.14610093
  32   36 159.35438207
  32   37 162.55995124
  32   38 165.76297413
  32   39 168.96360293
  32   40 172.16197772
  32   41 175.35822765
  32   42 178.55247201
  32   43 181.74482118
  32   44 184.93537744
  32   45 188.12423573
  32   46 191.31148430
  32   47 194.49720528
  32   48 197.68147524
  32   49 200.86436565
  32   50 204.04594327
  33    1 39.27413029
  33    2 44.38705536
  33    3 48.83602957
  33    4 52.96267332
  33    5 56.89273980
  33    6 60.68883329
  33    7 64.38728271
  33    8 68.01126517
  33    9 71.57655910
  33   10 75.09442809
  33   11 78.57321000
  33   12 82.01925665
  33   13 85.43752106
  33   14 88.83194082
  33   15 92.20569775
  33   16 95.56139908
  33   17 98.90120715
  33   18 102.22693444
  33   19 105.54011437
  33   20 108.84205512
  33   21 112.13388110
  33   22 115.41656521
  33   23 118.69095447
  33   24 121.95779036
  33   25 125.21772535
  33   26 128.47133621
  33   27 131.71913506
  33   28 134.96157840
  33   29 138.19907469
  33   30 141.43199064
  33   31 144.66065661
  33   32 147.88537106
  33   33 151.10640440
  33   34 154.32400235
  33   35 157.53838866
  33   36 160.74976765
  33   37 163.95832627
  33   38 167.16423595
  33   39 170.36765423
  33   40 173.56872614
  33   41 176.76758546
  33   42 179.96435579
  33   43 183.15915153
  33   44 186.35207873
  33   45 189.54323585
  33   46 192.73271445
  33   47 195.92059977
  33   48 199.10697129
  33   49 202.29190321
  33   50 205.47546489
  34    1 40.33048464
  34    2 45.48156342
  34    3 49.95933192
  34    4 54.10968948
  34    5 58.06008416
  34    6 61.87402061
  34    7 65.58838200
  34    8 69.22671882
  34    9 72.80507675
  34   10 76.33491933
  34   11 79.82473893
  34   12 83.28101001
  34   13 86.70878487
  34   14 90.11208292
  34   15 93.49415433
  34   16 96.85766410
  34   17 100.20482398
  34   18 103.53748897
  34   19 106.85722947
  34   20 110.16538601
  34   21 113.46311143
  34   22 116.75140385
  34   23 120.03113267
  34   24 123.30305940
  34   25 126.56785445
  34   26 129.82611078
  34   27 133.07835510
  34   28 136.32505717
  34   29 139.56663749
  34   30 142.80347378
  34   31 146.03590641
  34   32 149.26424306
  34   33 152.48876261
  34   34 155.70971853
  34   35 158.92734178
  34   36 162.14184329
  34   37 165.35341616
  34   38 168.56223753
  34   39 171.76847022
  34   40 174.97226418
  34   41 178.17375778
  34   42 181.37307890
  34   43 184.57034594
  34   44 187.76566870
  34   45 190.95914915
  34   46 194.15088211
  34   47 197.34095593
  34   48 200.52945299
  34   49 203.71645020
  34   50 206.90201952
  35    1 41.38580450
  35    2 46.57441339
  35    3 51.08055352
  35    4 55.25431108
  35    5 59.22479147
  35    6 63.05637944
  35    7 66.78649986
  35    8 70.43906806
  35    9 74.03039091
  35   10 77.57212733
  35   11 81.07292081
  35   12 84.53936571
  35   13 87.97661148
  35   14 91.38875760
  35   15 94.77912116
  35   16 98.15042379
  35   17 101.50492561
  35   18 104.84452337
  35   19 108.17082375
  35   20 111.48519901
  35   21 114.78882997
  35   22 118.08273948
  35   23 121.36781897
  35   24 124.64484967
  35   25 127.91451964
  35   26 131.17743778
  35   27 134.43414521
  35   28 137.68512473
  35   29 140.93080875
  35   30 144.17158582
  35   31 147.40780625
  35   32 150.63978678
  35   33 153.86781467
  35   34 157.09215108
  35   35 160.31303408
  35   36 163.53068117
  35   37 166.74529154
  35   38 169.95704795
  35   39 173.16611848
  35   40 176.37265797
  35   41 179.57680933
  35   42 182.77870471
  35   43 185.97846646
  35   44 189.17620811
  35   45 192.37203510
  35   46 195.56604554
  35   47 198.75833084
  35   48 201.94897625
  35   49 205.13806142
  35   50 208.32566085
  36    1 42.44013649
  36    2 47.66567719
  36    3 52.19978166
  36    4 56.39663546
  36    5 60.38696581
  36    6 64.23601836
  36    7 67.98174768
  36    8 71.64842588
  36    9 75.25261526
  36   10 78.80616582
  36   11 82.31786885
  36   12 85.79443605
  36   13 89.24111197
  36   14 92.66207448
  36   15 96.06070624
  36   16 99.43978436
  36   17 102.80161642
  36   18 106.14814011
  36   19 109.48099770
  36   20 112.80159264
  36   21 116.11113320
  36   22 119.41066659
  36   23 122.70110590
  36   24 125.98325171
  36   25 129.25780953
  36   26 132.52540392
  36   27 135.78659020
  36   28 139.04186407
  36   29 142.29166964
  36   30 145.53640617
  36   31 148.77643377
  36   32 152.01207818
  36   33 155.24363491
  36   34 158.47137273
  36   35 161.69553673
  36   36 164.91635094
  36   37 168.13402054
  36   38 171.34873391
  36   39 174.56066432
  36   40 177.76997145
  36   41 180.97680274
  36   42 184.18129453
  36   43 187.38357314
  36   44 190.58375578
  36   45 193.78195135
  36   46 196.97826122
  36   47 200.17277982
  36   48 203.36559532
  36   49 206.55679004
  36   50 209.74644104
  37    1 43.49352395
  37    2 48.75542184
  37    3 53.31709782
  37    4 57.53675371
  37    5 61.54670478
  37    6 65.41303930
  37    7 69.17423023
  37    8 72.85489874
  37    9 76.47185708
  37   10 80.03714222
  37   11 83.55969015
  37   12 87.04632742
  37   13 90.50239169
  37   14 93.93213766
  37   15 97.33901222
  37   16 100.72584691
  37   17 104.09499583
  37   18 107.44843686
  37   19 110.78784721
  37   20 114.11466097
  37   21 117.43011339
  37   22 120.73527560
  37   23 124.03108201
  37   24 127.31835229
  37   25 130.59780907
  37   26 133.87009237
  37   27 137.13577151
  37   28 140.39535488
  37   29 143.64929817
  37   30 146.89801120
  37   31 150.14186375
  37   32 153.38119045
  37   33 156.61629496
  37   34 159.84745359
  37   35 163.07491839
  37   36 166.29891980
  37   37 169.51966899
  37   38 172.73735987
  37   39 175.95217087
  37   40 179.16426646
  37   41 182.37379857
  37   42 185.58090771
  37   43 188.78572413
  37   44 191.98836870
  37   45 195.18895375
  37   46 198.38758388
  37   47 201.58435658
  37   48 204.77936283
  37   49 207.97268768
  37   50 211.16441071
  38    1 44.54600724
  38    2 49.84370992
  38    3 54.43257826
  38    4 58.67475123
  38    5 62.70410002
  38    6 66.58753817
  38    7 70.36404620
  38    8 74.05858708
  38    9 77.68821772
  38   10 81.26515820
  38   11 84.79848617
  38   12 88.29514068
  38   13 91.76055066
  38   14 95.19904606
  38   15 98.61413679
  38   16 102.00870772
  38   17 105.38515863
  38   18 108.74550683
  38   19 112.09146387
  38   20 115.42449392
  38   21 118.74585876
  38   22 122.05665306
  38   23 125.35783219
  38   24 128.65023460
  38   25 131.93459978
  38   26 135.21158301
  38   27 138.48176738
  38   28 141.74567381
  38   29 145.00376940
  38   30 148.25647443
  38   31 151.50416819
  38   32 154.74719410
  38   33 157.98586389
  38   34 161.22046132
  38   35 164.45124531
  38   36 167.67845267
  38   37 170.90230048
  38   38 174.12298814
  38   39 177.34069917
  38   40 180.55560282
  38   41 183.76785545
  38   42 186.97760172
  38   43 190.18497577
  38   44 193.39010209
  38   45 196.59309645
  38   46 199.79406665
  38   47 202.99311318
  38   48 206.19032988
  38   49 209.38580446
  38   50 212.57961902
  39    1 45.59762403
  39    2 50.93059996
  39    3 55.54629445
  39    4 59.81070821
  39    5 63.85923773
  39    6 67.75960529
  39    7 71.55128872
  39    8 75.25958578
  39    9 78.90179306
  39   10 82.49031003
  39   11 86.03435311
  39   12 89.54097163
  39   13 93.01568395
  39   14 96.46289383
  39   15 99.88617295
  39   16 103.28845855
  39   17 106.67219524
  39   18 110.03943903
  39   19 113.39193521
  39   20 116.73117751
  39   21 120.05845381
  39   22 123.37488190
  39   23 126.68143780
  39   24 129.97897844
  39   25 133.26825994
  39   26 136.54995257
  39   27 139.82465302
  39   28 143.09289458
  39   29 146.35515561
  39   30 149.61186666
  39   31 152.86341647
  39   32 156.11015713
  39   33 159.35240833
  39   34 162.59046121
  39   35 165.82458149
  39   36 169.05501227
  39   37 172.28197649
  39   38 175.50567897
  39   39 178.72630830
  39   40 181.94403845
  39   41 185.15903016
  39   42 188.37143223
  39   43 191.58138264
  39   44 194.78900951
  39   45 197.99443198
  39   46 201.19776104
  39   47 204.39910019
  39   48 207.59854607
  39   49 210.79618906
  39   50 213.99211377
  40    1 46.64840950
  40    2 52.01614678
  40    3 56.65831346
  40    4 60.94470001
  40    5 65.01219906
  40    6 68.92932588
  40    7 72.73604574
  40    8 76.45798459
  40    9 80.11267391
  40   10 83.71268898
  40   11 87.26738230
  40   12 90.78391128
  40   13 94.26788199
  40   14 97.72377059
  40   15 101.15520938
  40   16 104.56518698
  40   17 107.95619202
  40   18 111.33031854
  40   19 114.68934498
  40   20 118.03479411
  40   21 121.36797947
  40   22 124.69004163
  40   23 128.00197692
  40   24 131.30466046
  40   25 134.59886474
  40   26 137.88527483
  40   27 141.16450082
  40   28 144.43708817
  40   29 147.70352637
  40   30 150.96425613
  40   31 154.21967551
  40   32 157.47014514
  40   33 160.71599262
  40   34 163.95751634
  40   35 167.19498876
  40   36 170.42865923
  40   37 173.65875646
  40   38 176.88549066
  40   39 180.10905543
  40   40 183.32962941
  40   41 186.54737770
  40   42 189.76245320
  40   43 192.97499769
  40   44 196.18514289
  40   45 199.39301130
  40   46 202.59871708
  40   47 205.80236668
  40   48 209.00405958
  40   49 212.20388877
  40   50 215.40194138
  41    1 47.69839662
  41    2 53.10040182
  41    3 57.76869834
  41    4 62.07679764
  41    5 66.16306059
  41    6 70.09678039
  41    7 73.91840045
  41    8 77.65386848
  41    9 81.32094634
  41   10 84.93238171
  41   11 88.49766052
  41   12 92.02404622
  41   13 95.51723090
  41   14 98.98176178
  41   15 102.42133066
  41   16 105.83897662
  41   17 109.23723151
  41   18 112.61822675
  41   19 115.98377332
  41   20 119.33542260
  41   21 122.67451335
  41   22 126.00220854
  41   23 129.31952450
  41   24 132.62735427
  41   25 135.92648647
  41   26 139.21762074
  41   27 142.50138040
  41   28 145.77832292
  41   29 149.04894875
  41   30 152.31370864
  41   31 155.57300984
  41   32 158.82722144
  41   33 162.07667884
  41   34 165.32168762
  41   35 168.56252689
  41   36 171.79945218
  41   37 175.03269791
  41   38 178.26247964
  41   39 181.48899592
  41   40 184.71243002
  41   41 187.93295138
  41   42 191.15071693
  41   43 194.36587226
  41   44 197.57855262
  41   45 200.78888387
  41   46 203.99698330
  41   47 207.20296034
  41   48 210.40691721
  41   49 213.60894958
  41   50 216.80914701
  42    1 48.74761629
  42    2 54.18341344
  42    3 58.87750845
  42    4 63.20706801
  42    5 67.31189459
  42    6 71.26204493
  42    7 75.09843159
  42    8 78.84731802
  42    9 82.52669208
  42   10 86.14947056
  42   11 89.72527034
  42   12 93.26145889
  42   13 96.76381277
  42   14 100.23694892
  42   15 103.68461758
  42   16 107.10990739
  42   17 110.51539265
  42   18 113.90324153
  42   19 117.27529703
  42   20 120.63313862
  42   21 123.97812989
  42   22 127.31145586
  42   23 130.63415255
  42   24 133.94713064
  42   25 137.25119467
  42   26 140.54705862
  42   27 143.83535885
  42   28 147.11666469
  42   29 150.39148741
  42   30 153.66028765
  42   31 156.92348176
  42   32 160.18144718
  42   33 163.43452701
  42   34 166.68303394
  42   35 169.92725368
  42   36 173.16744783
  42   37 176.40385652
  42   38 179.63670055
  42   39 182.86618341
  42   40 186.09249294
  42   41 189.31580288
  42   42 192.53627417
  42   43 195.75405614
  42   44 198.96928761
  42   45 202.18209772
  42   46 205.39260689
  42   47 208.60092748
  42   48 211.80716448
  42   49 215.01141616
  42   50 218.21377456
  43    1 49.79609755
  43    2 55.26522711
  43    3 59.98479975
  43    4 64.33557432
  43    5 68.45876941
  43    6 72.42519153
  43    7 76.27621383
  43    8 80.03840968
  43    9 83.72998874
  43   10 87.36403384
  43   11 90.95029034
  43   12 94.49622787
  43   13 98.00770589
  43   14 101.48940983
  43   15 104.94514733
  43   16 108.37805571
  43   17 111.79075102
  43   18 115.18543754
  43   19 118.56398973
  43   20 121.92801474
  43   21 125.27890057
  43   22 128.61785396
  43   23 131.94593030
  43   24 135.26405767
  43   25 138.57305627
  43   26 141.87365424
  43   27 145.16650080
  43   28 148.45217697
  43   29 151.73120470
  43   30 155.00405441
  43   31 158.27115142
  43   32 161.53288142
  43   33 164.78959512
  43   34 168.04161226
  43   35 171.28922503
  43   36 174.53270109
  43   37 177.77228618
  43   38 181.00820632
  43   39 184.24066986
  43   40 187.46986920
  43   41 190.69598231
  43   42 193.91917412
  43   43 197.13959770
  43   44 200.35739534
  43   45 203.57269950
  43   46 206.78563367
  43   47 209.99631312
  43   48 213.20484562
  43   49 216.41133200
  43   50 219.61586675
  44    1 50.84386770
  44    2 56.34588571
  44    3 61.09062505
  44    4 65.46237631
  44    5 69.60374974
  44    6 73.58628846
  44    7 77.45181801
  44    8 81.22721608
  44    9 84.93091017
  44   10 88.57614611
  44   11 92.17279544
  44   12 95.72842811
  44   13 99.24898502
  44   14 102.73921889
  44   15 106.20299374
  44   16 109.64349476
  44   17 113.06337901
  44   18 116.46488629
  44   19 119.84992204
  44   20 123.22012060
  44   21 126.57689404
  44   22 129.92147045
  44   23 133.25492432
  44   24 136.57820087
  44   25 139.89213572
  44   26 143.19747100
  44   27 146.49486857
  44   28 149.78492102
  44   29 153.06816084
  44   30 156.34506808
  44   31 159.61607694
  44   32 162.88158125
  44   33 166.14193927
  44   34 169.39747765
  44   35 172.64849506
  44   36 175.89526512
  44   37 179.13803911
  44   38 182.37704824
  44   39 185.61250566
  44   40 188.84460829
  44   41 192.07353830
  44   42 195.29946457
  44   43 198.52254386
  44   44 201.74292193
  44   45 204.96073451
  44   46 208.17610816
  44   47 211.38916104
  44   48 214.60000364
  44   49 217.80873937
  44   50 221.01546516
  45    1 51.89095246
  45    2 57.42542970
  45    3 62.19503426
  45    4 66.58753049
  45    5 70.74689689
  45    6 74.74540052
  45    7 78.62531143
  45    8 82.41380632
  45    9 86.12952666
  45   10 89.78587840
  45   11 93.39285708
  45   12 96.95813117
  45   13 100.48772161
  45   14 103.98644722
  45   15 107.45822748
  45   16 110.90629459
  45   17 114.33334600
  45   18 117.74165641
  45   19 121.13316176
  45   20 124.50952314
  45   21 127.87217631
  45   22 131.22237039
  45   23 134.56119870
  45   24 137.88962333
  45   25 141.20849513
  45   26 144.51856998
  45   27 147.82052227
  45   28 151.11495596
  45   29 154.40241393
  45   30 157.68338579
  45   31 160.95831448
  45   32 164.22760189
  45   33 167.49161370
  45   34 170.75068346
  45   35 174.00511618
  45   36 177.25519141
  45   37 180.50116592
  45   38 183.74327603
  45   39 186.98173969
  45   40 190.21675824
  45   41 193.44851805
  45   42 196.67719190
  45   43 199.90294022
  45   44 203.12591220
  45   45 206.34624682
  45   46 209.56407367
  45   47 212.77951380
  45   48 215.99268040
  45   49 219.20367943
  45   50 222.41261024
  46    1 52.93737608
  46    2 58.50389728
  46    3 63.29807461
  46    4 67.71109044
  46    5 71.88826902
  46    6 75.90258923
  46    7 79.79675808
  46    8 83.59824615
  46    9 87.32590518
  46   10 90.99329850
  46   11 94.61054347
  46   12 98.18540543
  46   13 101.72398396
  46   14 105.23116290
  46   15 108.71091621
  46   16 112.16652239
  46   17 115.60071856
  46   18 119.01581379
  46   19 122.41377401
  46   20 125.79628668
  46   21 129.16481084
  46   22 132.52061639
  46   23 135.86481516
  46   24 139.19838586
  46   25 142.52219437
  46   26 145.83701015
  46   27 149.14351991
  46   28 152.44233886
  46   29 155.73402015
  46   30 159.01906278
  46   31 162.29791836
  46   32 165.57099674
  46   33 168.83867093
  46   34 172.10128130
  46   35 175.35913914
  46   36 178.61252986
  46   37 181.86171566
  46   38 185.10693793
  46   39 188.34841934
  46   40 191.58636566
  46   41 194.82096738
  46   42 198.05240116
  46   43 201.28083106
  46   44 204.50640970
  46   45 207.72927924
  46   46 210.94957232
  46   47 214.16741282
  46   48 217.38291662
  46   49 220.59619223
  46   50 223.80734140
  47    1 53.98316148
  47    2 59.58132462
  47    3 64.39979084
  47    4 68.83310696
  47    5 73.02792136
  47    6 77.05791309
  47    7 80.96621886
  47    8 84.78059821
  47    9 88.52010960
  47   10 92.19847107
  47   11 95.82591978
  47   12 99.41031626
  47   13 102.95783746
  47   14 106.47343112
  47   15 109.96112483
  47   16 113.42424259
  47   17 116.86556058
  47   18 120.28742169
  47   19 123.69182138
  47   20 127.08047306
  47   21 130.45485874
  47   22 133.81626874
  47   23 137.16583313
  47   24 140.50454707
  47   25 143.83329120
  47   26 147.15284839
  47   27 150.46391751
  47   28 153.76712487
  47   29 157.06303375
  47   30 160.35215246
  47   31 163.63494113
  47   32 166.91181749
  47   33 170.18316182
  47   34 173.44932119
  47   35 176.71061314
  47   36 179.96732884
  47   37 183.21973590
  47   38 186.46808071
  47   39 189.71259063
  47   40 192.95347579
  47   41 196.19093079
  47   42 199.42513612
  47   43 202.65625944
  47   44 205.88445675
  47   45 209.10987342
  47   46 212.33264505
  47   47 215.55289838
  47   48 218.77075195
  47   49 221.98631679
  47   50 225.19969701
  48    1 55.02833030
  48    2 60.65774596
  48    3 65.50022536
  48    4 69.95362828
  48    5 74.16590642
  48    6 78.21142779
  48    7 82.13375181
  48    8 85.96092224
  48    9 89.71220088
  48   10 93.40145793
  48   11 97.03904831
  48   12 100.63292624
  48   13 104.18934472
  48   14 107.71331439
  48   15 111.20891556
  48   16 114.67951703
  48   17 118.12793343
  48   18 121.55654094
  48   19 124.96736408
  48   20 128.36214183
  48   21 131.74237883
  48   22 135.10938550
  48   23 138.46430995
  48   24 141.80816349
  48   25 145.14184134
  48   26 148.46613961
  48   27 151.78176917
  48   28 155.08936727
  48   29 158.38950721
  48   30 161.68270647
  48   31 164.96943363
  48   32 168.25011419
  48   33 171.52513560
  48   34 174.79485158
  48   35 178.05958584
  48   36 181.31963528
  48   37 184.57527280
  48   38 187.82674979
  48   39 191.07429823
  48   40 194.31813258
  48   41 197.55845151
  48   42 200.79543931
  48   43 204.02926720
  48   44 207.26009454
  48   45 210.48806986
  48   46 213.71333175
  48   47 216.93600973
  48   48 220.15622499
  48   49 223.37409107
  48   50 226.58971446
  49    1 56.07290305
  49    2 61.73319373
  49    3 66.59941846
  49    4 71.07270027
  49    5 75.30227417
  49    6 79.36318634
  49    7 83.29941224
  49    8 87.13927527
  49    9 90.90223727
  49   10 94.60231815
  49   11 98.24998870
  49   12 101.85329528
  49   13 105.41856576
  49   14 108.95087263
  49   15 112.45434812
  49   16 115.93240512
  49   17 119.38789609
  49   18 122.82323001
  49   19 126.24046003
  49   20 129.64135031
  49   21 133.02742777
  49   22 136.40002268
  49   23 139.76030089
  49   24 143.10928966
  49   25 146.44789862
  49   26 149.77693688
  49   27 153.09712719
  49   28 156.40911760
  49   29 159.71349130
  49   30 163.01077483
  49   31 166.30144511
  49   32 169.58593531
  49   33 172.86464000
  49   34 176.13791947
  49   35 179.40610350
  49   36 182.66949467
  49   37 185.92837116
  49   38 189.18298925
  49   39 192.43358552
  49   40 195.68037874
  49   41 198.92357157
  49   42 202.16335208
  49   43 205.39989503
  49   44 208.63336312
  49   45 211.86390799
  49   46 215.09167119
  49   47 218.31678503
  49   48 221.53937332
  49   49 224.75955209
  49   50 227.97743018
